13.729447591207924
-0.7387943900363091
-0.9231506587170135
0.3862147270157272
2.611700488141805
17.5882637031514
-0.736901398943198
-0.8936900559536056
0.3902853933138386
2.5839470759393235
12.529750269706886
-1.1042561387902488
-0.7499510167659238
0.2123931260192415
1.7785122937368527
18.99349577651068
-0.2900540402536708
-0.9052875824707354
1.2723590514921705
1.5011134233491443
26.966716826132433
-0.6215201472631284
0.05948072815906899
-0.5758536928001379
1.2332564849946883
-2.5784615484577076
-0.8393603555265664
-2.034466294762857
-5.179417335515336
3.094669098175644
50.522478443221985
-5.086771641006845
-2.7302995944841673
-1.8132596010320172
-1.3264555919451808
-7.80141801302061
-0.9271030992021122
-2.324104539148264
-3.603463490007941
0.2877870007130959
13.12622119988014
1.8127357731267066
-0.6879207369263901
-1.7695017859746005
-2.197973125054176
