16512
75297.23899198053
71532.37704238137
67767.51509278244
64002.65314318349
60237.791193584395
56472.929243985316
52708.06729438657
48943.20534478741
45178.34339518816
41413.481445589365
37648.619495990264
33883.75754639122
30118.895596792143
26354.033647193286
22589.17169759408
18813.286923223655
15049.381114853231
11287.936488879413
7525.864463556198
3762.7361743227916
173.32325421970947
-3523.168941113347
-7277.943054159417
-11038.474685302243
-14804.572765929277
-18798.401794764774
-22539.24975926697
-26297.534951337784
-30057.509737185028
-33819.40802025317
-37641.52386327948
-41398.0114811801
-45160.3879757352
-48923.4135312982
-52687.154569556944
-56472.92924398542
-60237.791193584395
-64002.65314318371
-67767.51509278244
-71532.37704238141
998
-75310.74876703598
-79030.6477830649
-82781.16746625744
-86531.49285976353
-90282.0380227461
999
