	0000000
	0000010
	0000020
	0000100
	0000110
	0000120
	0000200
	0000210
	0000220
	0001000
	0001010
	0001020
	0001100
	0001110
	0001120
	0001200
	0001210
	0001220
	0010000
	0010010
	0010020
	0010100
	0010110
	0010120
	0010200
	0010210
	0010220
	0011000
	0011010
	0011020
	0011100
	0011110
	0011120
	0011200
	0011210
	0011220
	0020000
	0020010
	0020020
	0020100
	0020110
	0020120
	0020200
	0020210
	0020220
	0021000
	0021010
	0021020
	0021100
	0021110
	0021120
	0021200
	0021210
	0021220
	0030000
	0030010
	0030020
	0030100
	0030110
	0030120
	0030200
	0030210
	0030220
	0031000
	0031010
	0031020
	0031100
	0031110
	0031120
	0031200
	0031210
	0031220
	0100000
	0100010
	0100020
	0100100
	0100110
	0100120
	0100200
	0100210
	0100220
	0101000
	0101010
	0101020
	0101100
	0101110
	0101120
	0101200
	0101210
	0101220
	0110000
	0110010
	0110020
	0110100
	0110110
	0110120
	0110200
	0110210
	0110220
	0111000
	0111010
	0111020
	0111100
	0111110
	0111120
	0111200
	0111210
	0111220
	0120000
	0120010
	0120020
	0120100
	0120110
	0120120
	0120200
	0120210
	0120220
	0121000
	0121010
	0121020
	0121100
	0121110
	0121120
	0121200
	0121210
	0121220
	0130000
	0130010
	0130020
	0130100
	0130110
	0130120
	0130200
	0130210
	0130220
	0131000
	0131010
	0131020
	0131100
	0131110
	0131120
	0131200
	0131210
	0131220
	0200000
	0200010
	0200020
	0200100
	0200110
	0200120
	0200200
	0200210
	0200220
	0201000
	0201010
	0201020
	0201100
	0201110
	0201120
	0201200
	0201210
	0201220
	0210000
	0210010
	0210020
	0210100
	0210110
	0210120
	0210200
	0210210
	0210220
	0211000
	0211010
	0211020
	0211100
	0211110
	0211120
	0211200
	0211210
	0211220
	0220000
	0220010
	0220020
	0220100
	0220110
	0220120
	0220200
	0220210
	0220220
	0221000
	0221010
	0221020
	0221100
	0221110
	0221120
	0221200
	0221210
	0221220
	0230000
	0230010
	0230020
	0230100
	0230110
	0230120
	0230200
	0230210
	0230220
	0231000
	0231010
	0231020
	0231100
	0231110
	0231120
	0231200
	0231210
	0231220
	0300000
	0300010
	0300020
	0300100
	0300110
	0300120
	0300200
	0300210
	0300220
	0301000
	0301010
	0301020
	0301100
	0301110
	0301120
	0301200
	0301210
	0301220
	0310000
	0310010
	0310020
	0310100
	0310110
	0310120
	0310200
	0310210
	0310220
	0311000
	0311010
	0311020
	0311100
	0311110
	0311120
	0311200
	0311210
	0311220
	0320000
	0320010
	0320020
	0320100
	0320110
	0320120
	0320200
	0320210
	0320220
	0321000
	0321010
	0321020
	0321100
	0321110
	0321120
	0321200
	0321210
	0321220
	0330000
	0330010
	0330020
	0330100
	0330110
	0330120
	0330200
	0330210
	0330220
	0331000
	0331010
	0331020
	0331100
	0331110
	0331120
	0331200
	0331210
	0331220
	0400000
	0400010
	0400020
	0400100
	0400110
	0400120
	0400200
	0400210
	0400220
	0401000
	0401010
	0401020
	0401100
	0401110
	0401120
	0401200
	0401210
	0401220
	0410000
	0410010
	0410020
	0410100
	0410110
	0410120
	0410200
	0410210
	0410220
	0411000
	0411010
	0411020
	0411100
	0411110
	0411120
	0411200
	0411210
	0411220
	0420000
	0420010
	0420020
	0420100
	0420110
	0420120
	0420200
	0420210
	0420220
	0421000
	0421010
	0421020
	0421100
	0421110
	0421120
	0421200
	0421210
	0421220
	0430000
	0430010
	0430020
	0430100
	0430110
	0430120
	0430200
	0430210
	0430220
	0431000
	0431010
	0431020
	0431100
	0431110
	0431120
	0431200
	0431210
	0431220
	1000000
	1000010
	1000020
	1000100
	1000110
	1000120
	1000200
	1000210
	1000220
	1001000
	1001010
	1001020
	1001100
	1001110
	1001120
	1001200
	1001210
	1001220
	1010000
	1010010
	1010020
	1010100
	1010110
	1010120
	1010200
	1010210
	1010220
	1011000
	1011010
	1011020
	1011100
	1011110
	1011120
	1011200
	1011210
	1011220
	1020000
	1020010
	1020020
	1020100
	1020110
	1020120
	1020200
	1020210
	1020220
	1021000
	1021010
	1021020
	1021100
	1021110
	1021120
	1021200
	1021210
	1021220
	1030000
	1030010
	1030020
	1030100
	1030110
	1030120
	1030200
	1030210
	1030220
	1031000
	1031010
	1031020
	1031100
	1031110
	1031120
	1031200
	1031210
	1031220
	1100000
	1100010
	1100020
	1100100
	1100110
	1100120
	1100200
	1100210
	1100220
	1101000
	1101010
	1101020
	1101100
	1101110
	1101120
	1101200
	1101210
	1101220
	1110000
	1110010
	1110020
	1110100
	1110110
	1110120
	1110200
	1110210
	1110220
	1111000
	1111010
	1111020
	1111100
	1111110
	1111120
	1111200
	1111210
	1111220
	1120000
	1120010
	1120020
	1120100
	1120110
	1120120
	1120200
	1120210
	1120220
	1121000
	1121010
	1121020
	1121100
	1121110
	1121120
	1121200
	1121210
	1121220
	1130000
	1130010
	1130020
	1130100
	1130110
	1130120
	1130200
	1130210
	1130220
	1131000
	1131010
	1131020
	1131100
	1131110
	1131120
	1131200
	1131210
	1131220
	1200000
	1200010
	1200020
	1200100
	1200110
	1200120
	1200200
	1200210
	1200220
	1201000
	1201010
	1201020
	1201100
	1201110
	1201120
	1201200
	1201210
	1201220
	1210000
	1210010
	1210020
	1210100
	1210110
	1210120
	1210200
	1210210
	1210220
	1211000
	1211010
	1211020
	1211100
	1211110
	1211120
	1211200
	1211210
	1211220
	1220000
	1220010
	1220020
	1220100
	1220110
	1220120
	1220200
	1220210
	1220220
	1221000
	1221010
	1221020
	1221100
	1221110
	1221120
	1221200
	1221210
	1221220
	1230000
	1230010
	1230020
	1230100
	1230110
	1230120
	1230200
	1230210
	1230220
	1231000
	1231010
	1231020
	1231100
	1231110
	1231120
	1231200
	1231210
	1231220
	1300000
	1300010
	1300020
	1300100
	1300110
	1300120
	1300200
	1300210
	1300220
	1301000
	1301010
	1301020
	1301100
	1301110
	1301120
	1301200
	1301210
	1301220
	1310000
	1310010
	1310020
	1310100
	1310110
	1310120
	1310200
	1310210
	1310220
	1311000
	1311010
	1311020
	1311100
	1311110
	1311120
	1311200
	1311210
	1311220
	1320000
	1320010
	1320020
	1320100
	1320110
	1320120
	1320200
	1320210
	1320220
	1321000
	1321010
	1321020
	1321100
	1321110
	1321120
	1321200
	1321210
	1321220
	1330000
	1330010
	1330020
	1330100
	1330110
	1330120
	1330200
	1330210
	1330220
	1331000
	1331010
	1331020
	1331100
	1331110
	1331120
	1331200
	1331210
	1331220
	1400000
	1400010
	1400020
	1400100
	1400110
	1400120
	1400200
	1400210
	1400220
	1401000
	1401010
	1401020
	1401100
	1401110
	1401120
	1401200
	1401210
	1401220
	1410000
	1410010
	1410020
	1410100
	1410110
	1410120
	1410200
	1410210
	1410220
	1411000
	1411010
	1411020
	1411100
	1411110
	1411120
	1411200
	1411210
	1411220
	1420000
	1420010
	1420020
	1420100
	1420110
	1420120
	1420200
	1420210
	1420220
	1421000
	1421010
	1421020
	1421100
	1421110
	1421120
	1421200
	1421210
	1421220
	1430000
	1430010
	1430020
	1430100
	1430110
	1430120
	1430200
	1430210
	1430220
	1431000
	1431010
	1431020
	1431100
	1431110
	1431120
	1431200
	1431210
	1431220
	2000000
	2000010
	2000020
	2000100
	2000110
	2000120
	2000200
	2000210
	2000220
	2001000
	2001010
	2001020
	2001100
	2001110
	2001120
	2001200
	2001210
	2001220
	2010000
	2010010
	2010020
	2010100
	2010110
	2010120
	2010200
	2010210
	2010220
	2011000
	2011010
	2011020
	2011100
	2011110
	2011120
	2011200
	2011210
	2011220
	2020000
	2020010
	2020020
	2020100
	2020110
	2020120
	2020200
	2020210
	2020220
	2021000
	2021010
	2021020
	2021100
	2021110
	2021120
	2021200
	2021210
	2021220
	2030000
	2030010
	2030020
	2030100
	2030110
	2030120
	2030200
	2030210
	2030220
	2031000
	2031010
	2031020
	2031100
	2031110
	2031120
	2031200
	2031210
	2031220
	2100000
	2100010
	2100020
	2100100
	2100110
	2100120
	2100200
	2100210
	2100220
	2101000
	2101010
	2101020
	2101100
	2101110
	2101120
	2101200
	2101210
	2101220
	2110000
	2110010
	2110020
	2110100
	2110110
	2110120
	2110200
	2110210
	2110220
	2111000
	2111010
	2111020
	2111100
	2111110
	2111120
	2111200
	2111210
	2111220
	2120000
	2120010
	2120020
	2120100
	2120110
	2120120
	2120200
	2120210
	2120220
	2121000
	2121010
	2121020
	2121100
	2121110
	2121120
	2121200
	2121210
	2121220
	2130000
	2130010
	2130020
	2130100
	2130110
	2130120
	2130200
	2130210
	2130220
	2131000
	2131010
	2131020
	2131100
	2131110
	2131120
	2131200
	2131210
	2131220
	2200000
	2200010
	2200020
	2200100
	2200110
	2200120
	2200200
	2200210
	2200220
	2201000
	2201010
	2201020
	2201100
	2201110
	2201120
	2201200
	2201210
	2201220
	2210000
	2210010
	2210020
	2210100
	2210110
	2210120
	2210200
	2210210
	2210220
	2211000
	2211010
	2211020
	2211100
	2211110
	2211120
	2211200
	2211210
	2211220
	2220000
	2220010
	2220020
	2220100
	2220110
	2220120
	2220200
	2220210
	2220220
	2221000
	2221010
	2221020
	2221100
	2221110
	2221120
	2221200
	2221210
	2221220
	2230000
	2230010
	2230020
	2230100
	2230110
	2230120
	2230200
	2230210
	2230220
	2231000
	2231010
	2231020
	2231100
	2231110
	2231120
	2231200
	2231210
	2231220
	2300000
	2300010
	2300020
	2300100
	2300110
	2300120
	2300200
	2300210
	2300220
	2301000
	2301010
	2301020
	2301100
	2301110
	2301120
	2301200
	2301210
	2301220
	2310000
	2310010
	2310020
	2310100
	2310110
	2310120
	2310200
	2310210
	2310220
	2311000
	2311010
	2311020
	2311100
	2311110
	2311120
	2311200
	2311210
	2311220
	2320000
	2320010
	2320020
	2320100
	2320110
	2320120
	2320200
	2320210
	2320220
	2321000
	2321010
	2321020
	2321100
	2321110
	2321120
	2321200
	2321210
	2321220
	2330000
	2330010
	2330020
	2330100
	2330110
	2330120
	2330200
	2330210
	2330220
	2331000
	2331010
	2331020
	2331100
	2331110
	2331120
	2331200
	2331210
	2331220
	2400000
	2400010
	2400020
	2400100
	2400110
	2400120
	2400200
	2400210
	2400220
	2401000
	2401010
	2401020
	2401100
	2401110
	2401120
	2401200
	2401210
	2401220
	2410000
	2410010
	2410020
	2410100
	2410110
	2410120
	2410200
	2410210
	2410220
	2411000
	2411010
	2411020
	2411100
	2411110
	2411120
	2411200
	2411210
	2411220
	2420000
	2420010
	2420020
	2420100
	2420110
	2420120
	2420200
	2420210
	2420220
	2421000
	2421010
	2421020
	2421100
	2421110
	2421120
	2421200
	2421210
	2421220
	2430000
	2430010
	2430020
	2430100
	2430110
	2430120
	2430200
	2430210
	2430220
	2431000
	2431010
	2431020
	2431100
	2431110
	2431120
	2431200
	2431210
	2431220
	3000000
	3000010
	3000020
	3000100
	3000110
	3000120
	3000200
	3000210
	3000220
	3001000
	3001010
	3001020
	3001100
	3001110
	3001120
	3001200
	3001210
	3001220
	3010000
	3010010
	3010020
	3010100
	3010110
	3010120
	3010200
	3010210
	3010220
	3011000
	3011010
	3011020
	3011100
	3011110
	3011120
	3011200
	3011210
	3011220
	3020000
	3020010
	3020020
	3020100
	3020110
	3020120
	3020200
	3020210
	3020220
	3021000
	3021010
	3021020
	3021100
	3021110
	3021120
	3021200
	3021210
	3021220
	3030000
	3030010
	3030020
	3030100
	3030110
	3030120
	3030200
	3030210
	3030220
	3031000
	3031010
	3031020
	3031100
	3031110
	3031120
	3031200
	3031210
	3031220
	3100000
	3100010
	3100020
	3100100
	3100110
	3100120
	3100200
	3100210
	3100220
	3101000
	3101010
	3101020
	3101100
	3101110
	3101120
	3101200
	3101210
	3101220
	3110000
	3110010
	3110020
	3110100
	3110110
	3110120
	3110200
	3110210
	3110220
	3111000
	3111010
	3111020
	3111100
	3111110
	3111120
	3111200
	3111210
	3111220
	3120000
	3120010
	3120020
	3120100
	3120110
	3120120
	3120200
	3120210
	3120220
	3121000
	3121010
	3121020
	3121100
	3121110
	3121120
	3121200
	3121210
	3121220
	3130000
	3130010
	3130020
	3130100
	3130110
	3130120
	3130200
	3130210
	3130220
	3131000
	3131010
	3131020
	3131100
	3131110
	3131120
	3131200
	3131210
	3131220
	3200000
	3200010
	3200020
	3200100
	3200110
	3200120
	3200200
	3200210
	3200220
	3201000
	3201010
	3201020
	3201100
	3201110
	3201120
	3201200
	3201210
	3201220
	3210000
	3210010
	3210020
	3210100
	3210110
	3210120
	3210200
	3210210
	3210220
	3211000
	3211010
	3211020
	3211100
	3211110
	3211120
	3211200
	3211210
	3211220
	3220000
	3220010
	3220020
	3220100
	3220110
	3220120
	3220200
	3220210
	3220220
	3221000
	3221010
	3221020
	3221100
	3221110
	3221120
	3221200
	3221210
	3221220
	3230000
	3230010
	3230020
	3230100
	3230110
	3230120
	3230200
	3230210
	3230220
	3231000
	3231010
	3231020
	3231100
	3231110
	3231120
	3231200
	3231210
	3231220
	3300000
	3300010
	3300020
	3300100
	3300110
	3300120
	3300200
	3300210
	3300220
	3301000
	3301010
	3301020
	3301100
	3301110
	3301120
	3301200
	3301210
	3301220
	3310000
	3310010
	3310020
	3310100
	3310110
	3310120
	3310200
	3310210
	3310220
	3311000
	3311010
	3311020
	3311100
	3311110
	3311120
	3311200
	3311210
	3311220
	3320000
	3320010
	3320020
	3320100
	3320110
	3320120
	3320200
	3320210
	3320220
	3321000
	3321010
	3321020
	3321100
	3321110
	3321120
	3321200
	3321210
	3321220
	3330000
	3330010
	3330020
	3330100
	3330110
	3330120
	3330200
	3330210
	3330220
	3331000
	3331010
	3331020
	3331100
	3331110
	3331120
	3331200
	3331210
	3331220
	3400000
	3400010
	3400020
	3400100
	3400110
	3400120
	3400200
	3400210
	3400220
	3401000
	3401010
	3401020
	3401100
	3401110
	3401120
	3401200
	3401210
	3401220
	3410000
	3410010
	3410020
	3410100
	3410110
	3410120
	3410200
	3410210
	3410220
	3411000
	3411010
	3411020
	3411100
	3411110
	3411120
	3411200
	3411210
	3411220
	3420000
	3420010
	3420020
	3420100
	3420110
	3420120
	3420200
	3420210
	3420220
	3421000
	3421010
	3421020
	3421100
	3421110
	3421120
	3421200
	3421210
	3421220
	3430000
	3430010
	3430020
	3430100
	3430110
	3430120
	3430200
	3430210
	3430220
	3431000
	3431010
	3431020
	3431100
	3431110
	3431120
	3431200
	3431210
	3431220
	4000000
	4000010
	4000020
	4000100
	4000110
	4000120
	4000200
	4000210
	4000220
	4001000
	4001010
	4001020
	4001100
	4001110
	4001120
	4001200
	4001210
	4001220
	4010000
	4010010
	4010020
	4010100
	4010110
	4010120
	4010200
	4010210
	4010220
	4011000
	4011010
	4011020
	4011100
	4011110
	4011120
	4011200
	4011210
	4011220
	4020000
	4020010
	4020020
	4020100
	4020110
	4020120
	4020200
	4020210
	4020220
	4021000
	4021010
	4021020
	4021100
	4021110
	4021120
	4021200
	4021210
	4021220
	4030000
	4030010
	4030020
	4030100
	4030110
	4030120
	4030200
	4030210
	4030220
	4031000
	4031010
	4031020
	4031100
	4031110
	4031120
	4031200
	4031210
	4031220
	4100000
	4100010
	4100020
	4100100
	4100110
	4100120
	4100200
	4100210
	4100220
	4101000
	4101010
	4101020
	4101100
	4101110
	4101120
	4101200
	4101210
	4101220
	4110000
	4110010
	4110020
	4110100
	4110110
	4110120
	4110200
	4110210
	4110220
	4111000
	4111010
	4111020
	4111100
	4111110
	4111120
	4111200
	4111210
	4111220
	4120000
	4120010
	4120020
	4120100
	4120110
	4120120
	4120200
	4120210
	4120220
	4121000
	4121010
	4121020
	4121100
	4121110
	4121120
	4121200
	4121210
	4121220
	4130000
	4130010
	4130020
	4130100
	4130110
	4130120
	4130200
	4130210
	4130220
	4131000
	4131010
	4131020
	4131100
	4131110
	4131120
	4131200
	4131210
	4131220
	4200000
	4200010
	4200020
	4200100
	4200110
	4200120
	4200200
	4200210
	4200220
	4201000
	4201010
	4201020
	4201100
	4201110
	4201120
	4201200
	4201210
	4201220
	4210000
	4210010
	4210020
	4210100
	4210110
	4210120
	4210200
	4210210
	4210220
	4211000
	4211010
	4211020
	4211100
	4211110
	4211120
	4211200
	4211210
	4211220
	4220000
	4220010
	4220020
	4220100
	4220110
	4220120
	4220200
	4220210
	4220220
	4221000
	4221010
	4221020
	4221100
	4221110
	4221120
	4221200
	4221210
	4221220
	4230000
	4230010
	4230020
	4230100
	4230110
	4230120
	4230200
	4230210
	4230220
	4231000
	4231010
	4231020
	4231100
	4231110
	4231120
	4231200
	4231210
	4231220
	4300000
	4300010
	4300020
	4300100
	4300110
	4300120
	4300200
	4300210
	4300220
	4301000
	4301010
	4301020
	4301100
	4301110
	4301120
	4301200
	4301210
	4301220
	4310000
	4310010
	4310020
	4310100
	4310110
	4310120
	4310200
	4310210
	4310220
	4311000
	4311010
	4311020
	4311100
	4311110
	4311120
	4311200
	4311210
	4311220
	4320000
	4320010
	4320020
	4320100
	4320110
	4320120
	4320200
	4320210
	4320220
	4321000
	4321010
	4321020
	4321100
	4321110
	4321120
	4321200
	4321210
	4321220
	4330000
	4330010
	4330020
	4330100
	4330110
	4330120
	4330200
	4330210
	4330220
	4331000
	4331010
	4331020
	4331100
	4331110
	4331120
	4331200
	4331210
	4331220
	4400000
	4400010
	4400020
	4400100
	4400110
	4400120
	4400200
	4400210
	4400220
	4401000
	4401010
	4401020
	4401100
	4401110
	4401120
	4401200
	4401210
	4401220
	4410000
	4410010
	4410020
	4410100
	4410110
	4410120
	4410200
	4410210
	4410220
	4411000
	4411010
	4411020
	4411100
	4411110
	4411120
	4411200
	4411210
	4411220
	4420000
	4420010
	4420020
	4420100
	4420110
	4420120
	4420200
	4420210
	4420220
	4421000
	4421010
	4421020
	4421100
	4421110
	4421120
	4421200
	4421210
	4421220
	4430000
	4430010
	4430020
	4430100
	4430110
	4430120
	4430200
	4430210
	4430220
	4431000
	4431010
	4431020
	4431100
	4431110
	4431120
	4431200
	4431210
	4431220
	5000000
	5000010
	5000020
	5000100
	5000110
	5000120
	5000200
	5000210
	5000220
	5001000
	5001010
	5001020
	5001100
	5001110
	5001120
	5001200
	5001210
	5001220
	5010000
	5010010
	5010020
	5010100
	5010110
	5010120
	5010200
	5010210
	5010220
	5011000
	5011010
	5011020
	5011100
	5011110
	5011120
	5011200
	5011210
	5011220
	5020000
	5020010
	5020020
	5020100
	5020110
	5020120
	5020200
	5020210
	5020220
	5021000
	5021010
	5021020
	5021100
	5021110
	5021120
	5021200
	5021210
	5021220
	5030000
	5030010
	5030020
	5030100
	5030110
	5030120
	5030200
	5030210
	5030220
	5031000
	5031010
	5031020
	5031100
	5031110
	5031120
	5031200
	5031210
	5031220
	5100000
	5100010
	5100020
	5100100
	5100110
	5100120
	5100200
	5100210
	5100220
	5101000
	5101010
	5101020
	5101100
	5101110
	5101120
	5101200
	5101210
	5101220
	5110000
	5110010
	5110020
	5110100
	5110110
	5110120
	5110200
	5110210
	5110220
	5111000
	5111010
	5111020
	5111100
	5111110
	5111120
	5111200
	5111210
	5111220
	5120000
	5120010
	5120020
	5120100
	5120110
	5120120
	5120200
	5120210
	5120220
	5121000
	5121010
	5121020
	5121100
	5121110
	5121120
	5121200
	5121210
	5121220
	5130000
	5130010
	5130020
	5130100
	5130110
	5130120
	5130200
	5130210
	5130220
	5131000
	5131010
	5131020
	5131100
	5131110
	5131120
	5131200
	5131210
	5131220
	5200000
	5200010
	5200020
	5200100
	5200110
	5200120
	5200200
	5200210
	5200220
	5201000
	5201010
	5201020
	5201100
	5201110
	5201120
	5201200
	5201210
	5201220
	5210000
	5210010
	5210020
	5210100
	5210110
	5210120
	5210200
	5210210
	5210220
	5211000
	5211010
	5211020
	5211100
	5211110
	5211120
	5211200
	5211210
	5211220
	5220000
	5220010
	5220020
	5220100
	5220110
	5220120
	5220200
	5220210
	5220220
	5221000
	5221010
	5221020
	5221100
	5221110
	5221120
	5221200
	5221210
	5221220
	5230000
	5230010
	5230020
	5230100
	5230110
	5230120
	5230200
	5230210
	5230220
	5231000
	5231010
	5231020
	5231100
	5231110
	5231120
	5231200
	5231210
	5231220
	5300000
	5300010
	5300020
	5300100
	5300110
	5300120
	5300200
	5300210
	5300220
	5301000
	5301010
	5301020
	5301100
	5301110
	5301120
	5301200
	5301210
	5301220
	5310000
	5310010
	5310020
	5310100
	5310110
	5310120
	5310200
	5310210
	5310220
	5311000
	5311010
	5311020
	5311100
	5311110
	5311120
	5311200
	5311210
	5311220
	5320000
	5320010
	5320020
	5320100
	5320110
	5320120
	5320200
	5320210
	5320220
	5321000
	5321010
	5321020
	5321100
	5321110
	5321120
	5321200
	5321210
	5321220
	5330000
	5330010
	5330020
	5330100
	5330110
	5330120
	5330200
	5330210
	5330220
	5331000
	5331010
	5331020
	5331100
	5331110
	5331120
	5331200
	5331210
	5331220
	5400000
	5400010
	5400020
	5400100
	5400110
	5400120
	5400200
	5400210
	5400220
	5401000
	5401010
	5401020
	5401100
	5401110
	5401120
	5401200
	5401210
	5401220
	5410000
	5410010
	5410020
	5410100
	5410110
	5410120
	5410200
	5410210
	5410220
	5411000
	5411010
	5411020
	5411100
	5411110
	5411120
	5411200
	5411210
	5411220
	5420000
	5420010
	5420020
	5420100
	5420110
	5420120
	5420200
	5420210
	5420220
	5421000
	5421010
	5421020
	5421100
	5421110
	5421120
	5421200
	5421210
	5421220
	5430000
	5430010
	5430020
	5430100
	5430110
	5430120
	5430200
	5430210
	5430220
	5431000
	5431010
	5431020
	5431100
	5431110
	5431120
	5431200
	5431210
	5431220
	6000000
	6000010
	6000020
	6000100
	6000110
	6000120
	6000200
	6000210
	6000220
	6001000
	6001010
	6001020
	6001100
	6001110
	6001120
	6001200
	6001210
	6001220
	6010000
	6010010
	6010020
	6010100
	6010110
	6010120
	6010200
	6010210
	6010220
	6011000
	6011010
	6011020
	6011100
	6011110
	6011120
	6011200
	6011210
	6011220
	6020000
	6020010
	6020020
	6020100
	6020110
	6020120
	6020200
	6020210
	6020220
	6021000
	6021010
	6021020
	6021100
	6021110
	6021120
	6021200
	6021210
	6021220
	6030000
	6030010
	6030020
	6030100
	6030110
	6030120
	6030200
	6030210
	6030220
	6031000
	6031010
	6031020
	6031100
	6031110
	6031120
	6031200
	6031210
	6031220
	6100000
	6100010
	6100020
	6100100
	6100110
	6100120
	6100200
	6100210
	6100220
	6101000
	6101010
	6101020
	6101100
	6101110
	6101120
	6101200
	6101210
	6101220
	6110000
	6110010
	6110020
	6110100
	6110110
	6110120
	6110200
	6110210
	6110220
	6111000
	6111010
	6111020
	6111100
	6111110
	6111120
	6111200
	6111210
	6111220
	6120000
	6120010
	6120020
	6120100
	6120110
	6120120
	6120200
	6120210
	6120220
	6121000
	6121010
	6121020
	6121100
	6121110
	6121120
	6121200
	6121210
	6121220
	6130000
	6130010
	6130020
	6130100
	6130110
	6130120
	6130200
	6130210
	6130220
	6131000
	6131010
	6131020
	6131100
	6131110
	6131120
	6131200
	6131210
	6131220
	6200000
	6200010
	6200020
	6200100
	6200110
	6200120
	6200200
	6200210
	6200220
	6201000
	6201010
	6201020
	6201100
	6201110
	6201120
	6201200
	6201210
	6201220
	6210000
	6210010
	6210020
	6210100
	6210110
	6210120
	6210200
	6210210
	6210220
	6211000
	6211010
	6211020
	6211100
	6211110
	6211120
	6211200
	6211210
	6211220
	6220000
	6220010
	6220020
	6220100
	6220110
	6220120
	6220200
	6220210
	6220220
	6221000
	6221010
	6221020
	6221100
	6221110
	6221120
	6221200
	6221210
	6221220
	6230000
	6230010
	6230020
	6230100
	6230110
	6230120
	6230200
	6230210
	6230220
	6231000
	6231010
	6231020
	6231100
	6231110
	6231120
	6231200
	6231210
	6231220
	6300000
	6300010
	6300020
	6300100
	6300110
	6300120
	6300200
	6300210
	6300220
	6301000
	6301010
	6301020
	6301100
	6301110
	6301120
	6301200
	6301210
	6301220
	6310000
	6310010
	6310020
	6310100
	6310110
	6310120
	6310200
	6310210
	6310220
	6311000
	6311010
	6311020
	6311100
	6311110
	6311120
	6311200
	6311210
	6311220
	6320000
	6320010
	6320020
	6320100
	6320110
	6320120
	6320200
	6320210
	6320220
	6321000
	6321010
	6321020
	6321100
	6321110
	6321120
	6321200
	6321210
	6321220
	6330000
	6330010
	6330020
	6330100
	6330110
	6330120
	6330200
	6330210
	6330220
	6331000
	6331010
	6331020
	6331100
	6331110
	6331120
	6331200
	6331210
	6331220
	6400000
	6400010
	6400020
	6400100
	6400110
	6400120
	6400200
	6400210
	6400220
	6401000
	6401010
	6401020
	6401100
	6401110
	6401120
	6401200
	6401210
	6401220
	6410000
	6410010
	6410020
	6410100
	6410110
	6410120
	6410200
	6410210
	6410220
	6411000
	6411010
	6411020
	6411100
	6411110
	6411120
	6411200
	6411210
	6411220
	6420000
	6420010
	6420020
	6420100
	6420110
	6420120
	6420200
	6420210
	6420220
	6421000
	6421010
	6421020
	6421100
	6421110
	6421120
	6421200
	6421210
	6421220
	6430000
	6430010
	6430020
	6430100
	6430110
	6430120
	6430200
	6430210
	6430220
	6431000
	6431010
	6431020
	6431100
	6431110
	6431120
	6431200
	6431210
	6431220
	7000000
	7000010
	7000020
	7000100
	7000110
	7000120
	7000200
	7000210
	7000220
	7001000
	7001010
	7001020
	7001100
	7001110
	7001120
	7001200
	7001210
	7001220
	7010000
	7010010
	7010020
	7010100
	7010110
	7010120
	7010200
	7010210
	7010220
	7011000
	7011010
	7011020
	7011100
	7011110
	7011120
	7011200
	7011210
	7011220
	7020000
	7020010
	7020020
	7020100
	7020110
	7020120
	7020200
	7020210
	7020220
	7021000
	7021010
	7021020
	7021100
	7021110
	7021120
	7021200
	7021210
	7021220
	7030000
	7030010
	7030020
	7030100
	7030110
	7030120
	7030200
	7030210
	7030220
	7031000
	7031010
	7031020
	7031100
	7031110
	7031120
	7031200
	7031210
	7031220
	7100000
	7100010
	7100020
	7100100
	7100110
	7100120
	7100200
	7100210
	7100220
	7101000
	7101010
	7101020
	7101100
	7101110
	7101120
	7101200
	7101210
	7101220
	7110000
	7110010
	7110020
	7110100
	7110110
	7110120
	7110200
	7110210
	7110220
	7111000
	7111010
	7111020
	7111100
	7111110
	7111120
	7111200
	7111210
	7111220
	7120000
	7120010
	7120020
	7120100
	7120110
	7120120
	7120200
	7120210
	7120220
	7121000
	7121010
	7121020
	7121100
	7121110
	7121120
	7121200
	7121210
	7121220
	7130000
	7130010
	7130020
	7130100
	7130110
	7130120
	7130200
	7130210
	7130220
	7131000
	7131010
	7131020
	7131100
	7131110
	7131120
	7131200
	7131210
	7131220
	7200000
	7200010
	7200020
	7200100
	7200110
	7200120
	7200200
	7200210
	7200220
	7201000
	7201010
	7201020
	7201100
	7201110
	7201120
	7201200
	7201210
	7201220
	7210000
	7210010
	7210020
	7210100
	7210110
	7210120
	7210200
	7210210
	7210220
	7211000
	7211010
	7211020
	7211100
	7211110
	7211120
	7211200
	7211210
	7211220
	7220000
	7220010
	7220020
	7220100
	7220110
	7220120
	7220200
	7220210
	7220220
	7221000
	7221010
	7221020
	7221100
	7221110
	7221120
	7221200
	7221210
	7221220
	7230000
	7230010
	7230020
	7230100
	7230110
	7230120
	7230200
	7230210
	7230220
	7231000
	7231010
	7231020
	7231100
	7231110
	7231120
	7231200
	7231210
	7231220
	7300000
	7300010
	7300020
	7300100
	7300110
	7300120
	7300200
	7300210
	7300220
	7301000
	7301010
	7301020
	7301100
	7301110
	7301120
	7301200
	7301210
	7301220
	7310000
	7310010
	7310020
	7310100
	7310110
	7310120
	7310200
	7310210
	7310220
	7311000
	7311010
	7311020
	7311100
	7311110
	7311120
	7311200
	7311210
	7311220
	7320000
	7320010
	7320020
	7320100
	7320110
	7320120
	7320200
	7320210
	7320220
	7321000
	7321010
	7321020
	7321100
	7321110
	7321120
	7321200
	7321210
	7321220
	7330000
	7330010
	7330020
	7330100
	7330110
	7330120
	7330200
	7330210
	7330220
	7331000
	7331010
	7331020
	7331100
	7331110
	7331120
	7331200
	7331210
	7331220
	7400000
	7400010
	7400020
	7400100
	7400110
	7400120
	7400200
	7400210
	7400220
	7401000
	7401010
	7401020
	7401100
	7401110
	7401120
	7401200
	7401210
	7401220
	7410000
	7410010
	7410020
	7410100
	7410110
	7410120
	7410200
	7410210
	7410220
	7411000
	7411010
	7411020
	7411100
	7411110
	7411120
	7411200
	7411210
	7411220
	7420000
	7420010
	7420020
	7420100
	7420110
	7420120
	7420200
	7420210
	7420220
	7421000
	7421010
	7421020
	7421100
	7421110
	7421120
	7421200
	7421210
	7421220
	7430000
	7430010
	7430020
	7430100
	7430110
	7430120
	7430200
	7430210
	7430220
	7431000
	7431010
	7431020
	7431100
	7431110
	7431120
	7431200
	7431210
	7431220
	8000000
	8000010
	8000020
	8000100
	8000110
	8000120
	8000200
	8000210
	8000220
	8001000
	8001010
	8001020
	8001100
	8001110
	8001120
	8001200
	8001210
	8001220
	8010000
	8010010
	8010020
	8010100
	8010110
	8010120
	8010200
	8010210
	8010220
	8011000
	8011010
	8011020
	8011100
	8011110
	8011120
	8011200
	8011210
	8011220
	8020000
	8020010
	8020020
	8020100
	8020110
	8020120
	8020200
	8020210
	8020220
	8021000
	8021010
	8021020
	8021100
	8021110
	8021120
	8021200
	8021210
	8021220
	8030000
	8030010
	8030020
	8030100
	8030110
	8030120
	8030200
	8030210
	8030220
	8031000
	8031010
	8031020
	8031100
	8031110
	8031120
	8031200
	8031210
	8031220
	8100000
	8100010
	8100020
	8100100
	8100110
	8100120
	8100200
	8100210
	8100220
	8101000
	8101010
	8101020
	8101100
	8101110
	8101120
	8101200
	8101210
	8101220
	8110000
	8110010
	8110020
	8110100
	8110110
	8110120
	8110200
	8110210
	8110220
	8111000
	8111010
	8111020
	8111100
	8111110
	8111120
	8111200
	8111210
	8111220
	8120000
	8120010
	8120020
	8120100
	8120110
	8120120
	8120200
	8120210
	8120220
	8121000
	8121010
	8121020
	8121100
	8121110
	8121120
	8121200
	8121210
	8121220
	8130000
	8130010
	8130020
	8130100
	8130110
	8130120
	8130200
	8130210
	8130220
	8131000
	8131010
	8131020
	8131100
	8131110
	8131120
	8131200
	8131210
	8131220
	8200000
	8200010
	8200020
	8200100
	8200110
	8200120
	8200200
	8200210
	8200220
	8201000
	8201010
	8201020
	8201100
	8201110
	8201120
	8201200
	8201210
	8201220
	8210000
	8210010
	8210020
	8210100
	8210110
	8210120
	8210200
	8210210
	8210220
	8211000
	8211010
	8211020
	8211100
	8211110
	8211120
	8211200
	8211210
	8211220
	8220000
	8220010
	8220020
	8220100
	8220110
	8220120
	8220200
	8220210
	8220220
	8221000
	8221010
	8221020
	8221100
	8221110
	8221120
	8221200
	8221210
	8221220
	8230000
	8230010
	8230020
	8230100
	8230110
	8230120
	8230200
	8230210
	8230220
	8231000
	8231010
	8231020
	8231100
	8231110
	8231120
	8231200
	8231210
	8231220
	8300000
	8300010
	8300020
	8300100
	8300110
	8300120
	8300200
	8300210
	8300220
	8301000
	8301010
	8301020
	8301100
	8301110
	8301120
	8301200
	8301210
	8301220
	8310000
	8310010
	8310020
	8310100
	8310110
	8310120
	8310200
	8310210
	8310220
	8311000
	8311010
	8311020
	8311100
	8311110
	8311120
	8311200
	8311210
	8311220
	8320000
	8320010
	8320020
	8320100
	8320110
	8320120
	8320200
	8320210
	8320220
	8321000
	8321010
	8321020
	8321100
	8321110
	8321120
	8321200
	8321210
	8321220
	8330000
	8330010
	8330020
	8330100
	8330110
	8330120
	8330200
	8330210
	8330220
	8331000
	8331010
	8331020
	8331100
	8331110
	8331120
	8331200
	8331210
	8331220
	8400000
	8400010
	8400020
	8400100
	8400110
	8400120
	8400200
	8400210
	8400220
	8401000
	8401010
	8401020
	8401100
	8401110
	8401120
	8401200
	8401210
	8401220
	8410000
	8410010
	8410020
	8410100
	8410110
	8410120
	8410200
	8410210
	8410220
	8411000
	8411010
	8411020
	8411100
	8411110
	8411120
	8411200
	8411210
	8411220
	8420000
	8420010
	8420020
	8420100
	8420110
	8420120
	8420200
	8420210
	8420220
	8421000
	8421010
	8421020
	8421100
	8421110
	8421120
	8421200
	8421210
	8421220
	8430000
	8430010
	8430020
	8430100
	8430110
	8430120
	8430200
	8430210
	8430220
	8431000
	8431010
	8431020
	8431100
	8431110
	8431120
	8431200
	8431210
	8431220
	9000000
	9000010
	9000020
	9000100
	9000110
	9000120
	9000200
	9000210
	9000220
	9001000
	9001010
	9001020
	9001100
	9001110
	9001120
	9001200
	9001210
	9001220
	9010000
	9010010
	9010020
	9010100
	9010110
	9010120
	9010200
	9010210
	9010220
	9011000
	9011010
	9011020
	9011100
	9011110
	9011120
	9011200
	9011210
	9011220
	9020000
	9020010
	9020020
	9020100
	9020110
	9020120
	9020200
	9020210
	9020220
	9021000
	9021010
	9021020
	9021100
	9021110
	9021120
	9021200
	9021210
	9021220
	9030000
	9030010
	9030020
	9030100
	9030110
	9030120
	9030200
	9030210
	9030220
	9031000
	9031010
	9031020
	9031100
	9031110
	9031120
	9031200
	9031210
	9031220
	9100000
	9100010
	9100020
	9100100
	9100110
	9100120
	9100200
	9100210
	9100220
	9101000
	9101010
	9101020
	9101100
	9101110
	9101120
	9101200
	9101210
	9101220
	9110000
	9110010
	9110020
	9110100
	9110110
	9110120
	9110200
	9110210
	9110220
	9111000
	9111010
	9111020
	9111100
	9111110
	9111120
	9111200
	9111210
	9111220
	9120000
	9120010
	9120020
	9120100
	9120110
	9120120
	9120200
	9120210
	9120220
	9121000
	9121010
	9121020
	9121100
	9121110
	9121120
	9121200
	9121210
	9121220
	9130000
	9130010
	9130020
	9130100
	9130110
	9130120
	9130200
	9130210
	9130220
	9131000
	9131010
	9131020
	9131100
	9131110
	9131120
	9131200
	9131210
	9131220
	9200000
	9200010
	9200020
	9200100
	9200110
	9200120
	9200200
	9200210
	9200220
	9201000
	9201010
	9201020
	9201100
	9201110
	9201120
	9201200
	9201210
	9201220
	9210000
	9210010
	9210020
	9210100
	9210110
	9210120
	9210200
	9210210
	9210220
	9211000
	9211010
	9211020
	9211100
	9211110
	9211120
	9211200
	9211210
	9211220
	9220000
	9220010
	9220020
	9220100
	9220110
	9220120
	9220200
	9220210
	9220220
	9221000
	9221010
	9221020
	9221100
	9221110
	9221120
	9221200
	9221210
	9221220
	9230000
	9230010
	9230020
	9230100
	9230110
	9230120
	9230200
	9230210
	9230220
	9231000
	9231010
	9231020
	9231100
	9231110
	9231120
	9231200
	9231210
	9231220
	9300000
	9300010
	9300020
	9300100
	9300110
	9300120
	9300200
	9300210
	9300220
	9301000
	9301010
	9301020
	9301100
	9301110
	9301120
	9301200
	9301210
	9301220
	9310000
	9310010
	9310020
	9310100
	9310110
	9310120
	9310200
	9310210
	9310220
	9311000
	9311010
	9311020
	9311100
	9311110
	9311120
	9311200
	9311210
	9311220
	9320000
	9320010
	9320020
	9320100
	9320110
	9320120
	9320200
	9320210
	9320220
	9321000
	9321010
	9321020
	9321100
	9321110
	9321120
	9321200
	9321210
	9321220
	9330000
	9330010
	9330020
	9330100
	9330110
	9330120
	9330200
	9330210
	9330220
	9331000
	9331010
	9331020
	9331100
	9331110
	9331120
	9331200
	9331210
	9331220
	9400000
	9400010
	9400020
	9400100
	9400110
	9400120
	9400200
	9400210
	9400220
	9401000
	9401010
	9401020
	9401100
	9401110
	9401120
	9401200
	9401210
	9401220
	9410000
	9410010
	9410020
	9410100
	9410110
	9410120
	9410200
	9410210
	9410220
	9411000
	9411010
	9411020
	9411100
	9411110
	9411120
	9411200
	9411210
	9411220
	9420000
	9420010
	9420020
	9420100
	9420110
	9420120
	9420200
	9420210
	9420220
	9421000
	9421010
	9421020
	9421100
	9421110
	9421120
	9421200
	9421210
	9421220
	9430000
	9430010
	9430020
	9430100
	9430110
	9430120
	9430200
	9430210
	9430220
	9431000
	9431010
	9431020
	9431100
	9431110
	9431120
	9431200
	9431210
	9431220
	10000000
	10000010
	10000020
	10000100
	10000110
	10000120
	10000200
	10000210
	10000220
	10001000
	10001010
	10001020
	10001100
	10001110
	10001120
	10001200
	10001210
	10001220
	10010000
	10010010
	10010020
	10010100
	10010110
	10010120
	10010200
	10010210
	10010220
	10011000
	10011010
	10011020
	10011100
	10011110
	10011120
	10011200
	10011210
	10011220
	10020000
	10020010
	10020020
	10020100
	10020110
	10020120
	10020200
	10020210
	10020220
	10021000
	10021010
	10021020
	10021100
	10021110
	10021120
	10021200
	10021210
	10021220
	10030000
	10030010
	10030020
	10030100
	10030110
	10030120
	10030200
	10030210
	10030220
	10031000
	10031010
	10031020
	10031100
	10031110
	10031120
	10031200
	10031210
	10031220
	10100000
	10100010
	10100020
	10100100
	10100110
	10100120
	10100200
	10100210
	10100220
	10101000
	10101010
	10101020
	10101100
	10101110
	10101120
	10101200
	10101210
	10101220
	10110000
	10110010
	10110020
	10110100
	10110110
	10110120
	10110200
	10110210
	10110220
	10111000
	10111010
	10111020
	10111100
	10111110
	10111120
	10111200
	10111210
	10111220
	10120000
	10120010
	10120020
	10120100
	10120110
	10120120
	10120200
	10120210
	10120220
	10121000
	10121010
	10121020
	10121100
	10121110
	10121120
	10121200
	10121210
	10121220
	10130000
	10130010
	10130020
	10130100
	10130110
	10130120
	10130200
	10130210
	10130220
	10131000
	10131010
	10131020
	10131100
	10131110
	10131120
	10131200
	10131210
	10131220
	10200000
	10200010
	10200020
	10200100
	10200110
	10200120
	10200200
	10200210
	10200220
	10201000
	10201010
	10201020
	10201100
	10201110
	10201120
	10201200
	10201210
	10201220
	10210000
	10210010
	10210020
	10210100
	10210110
	10210120
	10210200
	10210210
	10210220
	10211000
	10211010
	10211020
	10211100
	10211110
	10211120
	10211200
	10211210
	10211220
	10220000
	10220010
	10220020
	10220100
	10220110
	10220120
	10220200
	10220210
	10220220
	10221000
	10221010
	10221020
	10221100
	10221110
	10221120
	10221200
	10221210
	10221220
	10230000
	10230010
	10230020
	10230100
	10230110
	10230120
	10230200
	10230210
	10230220
	10231000
	10231010
	10231020
	10231100
	10231110
	10231120
	10231200
	10231210
	10231220
	10300000
	10300010
	10300020
	10300100
	10300110
	10300120
	10300200
	10300210
	10300220
	10301000
	10301010
	10301020
	10301100
	10301110
	10301120
	10301200
	10301210
	10301220
	10310000
	10310010
	10310020
	10310100
	10310110
	10310120
	10310200
	10310210
	10310220
	10311000
	10311010
	10311020
	10311100
	10311110
	10311120
	10311200
	10311210
	10311220
	10320000
	10320010
	10320020
	10320100
	10320110
	10320120
	10320200
	10320210
	10320220
	10321000
	10321010
	10321020
	10321100
	10321110
	10321120
	10321200
	10321210
	10321220
	10330000
	10330010
	10330020
	10330100
	10330110
	10330120
	10330200
	10330210
	10330220
	10331000
	10331010
	10331020
	10331100
	10331110
	10331120
	10331200
	10331210
	10331220
	10400000
	10400010
	10400020
	10400100
	10400110
	10400120
	10400200
	10400210
	10400220
	10401000
	10401010
	10401020
	10401100
	10401110
	10401120
	10401200
	10401210
	10401220
	10410000
	10410010
	10410020
	10410100
	10410110
	10410120
	10410200
	10410210
	10410220
	10411000
	10411010
	10411020
	10411100
	10411110
	10411120
	10411200
	10411210
	10411220
	10420000
	10420010
	10420020
	10420100
	10420110
	10420120
	10420200
	10420210
	10420220
	10421000
	10421010
	10421020
	10421100
	10421110
	10421120
	10421200
	10421210
	10421220
	10430000
	10430010
	10430020
	10430100
	10430110
	10430120
	10430200
	10430210
	10430220
	10431000
	10431010
	10431020
	10431100
	10431110
	10431120
	10431200
	10431210
	10431220
	11000000
	11000010
	11000020
	11000100
	11000110
	11000120
	11000200
	11000210
	11000220
	11001000
	11001010
	11001020
	11001100
	11001110
	11001120
	11001200
	11001210
	11001220
	11010000
	11010010
	11010020
	11010100
	11010110
	11010120
	11010200
	11010210
	11010220
	11011000
	11011010
	11011020
	11011100
	11011110
	11011120
	11011200
	11011210
	11011220
	11020000
	11020010
	11020020
	11020100
	11020110
	11020120
	11020200
	11020210
	11020220
	11021000
	11021010
	11021020
	11021100
	11021110
	11021120
	11021200
	11021210
	11021220
	11030000
	11030010
	11030020
	11030100
	11030110
	11030120
	11030200
	11030210
	11030220
	11031000
	11031010
	11031020
	11031100
	11031110
	11031120
	11031200
	11031210
	11031220
	11100000
	11100010
	11100020
	11100100
	11100110
	11100120
	11100200
	11100210
	11100220
	11101000
	11101010
	11101020
	11101100
	11101110
	11101120
	11101200
	11101210
	11101220
	11110000
	11110010
	11110020
	11110100
	11110110
	11110120
	11110200
	11110210
	11110220
	11111000
	11111010
	11111020
	11111100
	11111110
	11111120
	11111200
	11111210
	11111220
	11120000
	11120010
	11120020
	11120100
	11120110
	11120120
	11120200
	11120210
	11120220
	11121000
	11121010
	11121020
	11121100
	11121110
	11121120
	11121200
	11121210
	11121220
	11130000
	11130010
	11130020
	11130100
	11130110
	11130120
	11130200
	11130210
	11130220
	11131000
	11131010
	11131020
	11131100
	11131110
	11131120
	11131200
	11131210
	11131220
	11200000
	11200010
	11200020
	11200100
	11200110
	11200120
	11200200
	11200210
	11200220
	11201000
	11201010
	11201020
	11201100
	11201110
	11201120
	11201200
	11201210
	11201220
	11210000
	11210010
	11210020
	11210100
	11210110
	11210120
	11210200
	11210210
	11210220
	11211000
	11211010
	11211020
	11211100
	11211110
	11211120
	11211200
	11211210
	11211220
	11220000
	11220010
	11220020
	11220100
	11220110
	11220120
	11220200
	11220210
	11220220
	11221000
	11221010
	11221020
	11221100
	11221110
	11221120
	11221200
	11221210
	11221220
	11230000
	11230010
	11230020
	11230100
	11230110
	11230120
	11230200
	11230210
	11230220
	11231000
	11231010
	11231020
	11231100
	11231110
	11231120
	11231200
	11231210
	11231220
	11300000
	11300010
	11300020
	11300100
	11300110
	11300120
	11300200
	11300210
	11300220
	11301000
	11301010
	11301020
	11301100
	11301110
	11301120
	11301200
	11301210
	11301220
	11310000
	11310010
	11310020
	11310100
	11310110
	11310120
	11310200
	11310210
	11310220
	11311000
	11311010
	11311020
	11311100
	11311110
	11311120
	11311200
	11311210
	11311220
	11320000
	11320010
	11320020
	11320100
	11320110
	11320120
	11320200
	11320210
	11320220
	11321000
	11321010
	11321020
	11321100
	11321110
	11321120
	11321200
	11321210
	11321220
	11330000
	11330010
	11330020
	11330100
	11330110
	11330120
	11330200
	11330210
	11330220
	11331000
	11331010
	11331020
	11331100
	11331110
	11331120
	11331200
	11331210
	11331220
	11400000
	11400010
	11400020
	11400100
	11400110
	11400120
	11400200
	11400210
	11400220
	11401000
	11401010
	11401020
	11401100
	11401110
	11401120
	11401200
	11401210
	11401220
	11410000
	11410010
	11410020
	11410100
	11410110
	11410120
	11410200
	11410210
	11410220
	11411000
	11411010
	11411020
	11411100
	11411110
	11411120
	11411200
	11411210
	11411220
	11420000
	11420010
	11420020
	11420100
	11420110
	11420120
	11420200
	11420210
	11420220
	11421000
	11421010
	11421020
	11421100
	11421110
	11421120
	11421200
	11421210
	11421220
	11430000
	11430010
	11430020
	11430100
	11430110
	11430120
	11430200
	11430210
	11430220
	11431000
	11431010
	11431020
	11431100
	11431110
	11431120
	11431200
	11431210
	11431220
	12000000
	12000010
	12000020
	12000100
	12000110
	12000120
	12000200
	12000210
	12000220
	12001000
	12001010
	12001020
	12001100
	12001110
	12001120
	12001200
	12001210
	12001220
	12010000
	12010010
	12010020
	12010100
	12010110
	12010120
	12010200
	12010210
	12010220
	12011000
	12011010
	12011020
	12011100
	12011110
	12011120
	12011200
	12011210
	12011220
	12020000
	12020010
	12020020
	12020100
	12020110
	12020120
	12020200
	12020210
	12020220
	12021000
	12021010
	12021020
	12021100
	12021110
	12021120
	12021200
	12021210
	12021220
	12030000
	12030010
	12030020
	12030100
	12030110
	12030120
	12030200
	12030210
	12030220
	12031000
	12031010
	12031020
	12031100
	12031110
	12031120
	12031200
	12031210
	12031220
	12100000
	12100010
	12100020
	12100100
	12100110
	12100120
	12100200
	12100210
	12100220
	12101000
	12101010
	12101020
	12101100
	12101110
	12101120
	12101200
	12101210
	12101220
	12110000
	12110010
	12110020
	12110100
	12110110
	12110120
	12110200
	12110210
	12110220
	12111000
	12111010
	12111020
	12111100
	12111110
	12111120
	12111200
	12111210
	12111220
	12120000
	12120010
	12120020
	12120100
	12120110
	12120120
	12120200
	12120210
	12120220
	12121000
	12121010
	12121020
	12121100
	12121110
	12121120
	12121200
	12121210
	12121220
	12130000
	12130010
	12130020
	12130100
	12130110
	12130120
	12130200
	12130210
	12130220
	12131000
	12131010
	12131020
	12131100
	12131110
	12131120
	12131200
	12131210
	12131220
	12200000
	12200010
	12200020
	12200100
	12200110
	12200120
	12200200
	12200210
	12200220
	12201000
	12201010
	12201020
	12201100
	12201110
	12201120
	12201200
	12201210
	12201220
	12210000
	12210010
	12210020
	12210100
	12210110
	12210120
	12210200
	12210210
	12210220
	12211000
	12211010
	12211020
	12211100
	12211110
	12211120
	12211200
	12211210
	12211220
	12220000
	12220010
	12220020
	12220100
	12220110
	12220120
	12220200
	12220210
	12220220
	12221000
	12221010
	12221020
	12221100
	12221110
	12221120
	12221200
	12221210
	12221220
	12230000
	12230010
	12230020
	12230100
	12230110
	12230120
	12230200
	12230210
	12230220
	12231000
	12231010
	12231020
	12231100
	12231110
	12231120
	12231200
	12231210
	12231220
	12300000
	12300010
	12300020
	12300100
	12300110
	12300120
	12300200
	12300210
	12300220
	12301000
	12301010
	12301020
	12301100
	12301110
	12301120
	12301200
	12301210
	12301220
	12310000
	12310010
	12310020
	12310100
	12310110
	12310120
	12310200
	12310210
	12310220
	12311000
	12311010
	12311020
	12311100
	12311110
	12311120
	12311200
	12311210
	12311220
	12320000
	12320010
	12320020
	12320100
	12320110
	12320120
	12320200
	12320210
	12320220
	12321000
	12321010
	12321020
	12321100
	12321110
	12321120
	12321200
	12321210
	12321220
	12330000
	12330010
	12330020
	12330100
	12330110
	12330120
	12330200
	12330210
	12330220
	12331000
	12331010
	12331020
	12331100
	12331110
	12331120
	12331200
	12331210
	12331220
	12400000
	12400010
	12400020
	12400100
	12400110
	12400120
	12400200
	12400210
	12400220
	12401000
	12401010
	12401020
	12401100
	12401110
	12401120
	12401200
	12401210
	12401220
	12410000
	12410010
	12410020
	12410100
	12410110
	12410120
	12410200
	12410210
	12410220
	12411000
	12411010
	12411020
	12411100
	12411110
	12411120
	12411200
	12411210
	12411220
	12420000
	12420010
	12420020
	12420100
	12420110
	12420120
	12420200
	12420210
	12420220
	12421000
	12421010
	12421020
	12421100
	12421110
	12421120
	12421200
	12421210
	12421220
	12430000
	12430010
	12430020
	12430100
	12430110
	12430120
	12430200
	12430210
	12430220
	12431000
	12431010
	12431020
	12431100
	12431110
	12431120
	12431200
	12431210
	12431220
	13000000
	13000010
	13000020
	13000100
	13000110
	13000120
	13000200
	13000210
	13000220
	13001000
	13001010
	13001020
	13001100
	13001110
	13001120
	13001200
	13001210
	13001220
	13010000
	13010010
	13010020
	13010100
	13010110
	13010120
	13010200
	13010210
	13010220
	13011000
	13011010
	13011020
	13011100
	13011110
	13011120
	13011200
	13011210
	13011220
	13020000
	13020010
	13020020
	13020100
	13020110
	13020120
	13020200
	13020210
	13020220
	13021000
	13021010
	13021020
	13021100
	13021110
	13021120
	13021200
	13021210
	13021220
	13030000
	13030010
	13030020
	13030100
	13030110
	13030120
	13030200
	13030210
	13030220
	13031000
	13031010
	13031020
	13031100
	13031110
	13031120
	13031200
	13031210
	13031220
	13100000
	13100010
	13100020
	13100100
	13100110
	13100120
	13100200
	13100210
	13100220
	13101000
	13101010
	13101020
	13101100
	13101110
	13101120
	13101200
	13101210
	13101220
	13110000
	13110010
	13110020
	13110100
	13110110
	13110120
	13110200
	13110210
	13110220
	13111000
	13111010
	13111020
	13111100
	13111110
	13111120
	13111200
	13111210
	13111220
	13120000
	13120010
	13120020
	13120100
	13120110
	13120120
	13120200
	13120210
	13120220
	13121000
	13121010
	13121020
	13121100
	13121110
	13121120
	13121200
	13121210
	13121220
	13130000
	13130010
	13130020
	13130100
	13130110
	13130120
	13130200
	13130210
	13130220
	13131000
	13131010
	13131020
	13131100
	13131110
	13131120
	13131200
	13131210
	13131220
	13200000
	13200010
	13200020
	13200100
	13200110
	13200120
	13200200
	13200210
	13200220
	13201000
	13201010
	13201020
	13201100
	13201110
	13201120
	13201200
	13201210
	13201220
	13210000
	13210010
	13210020
	13210100
	13210110
	13210120
	13210200
	13210210
	13210220
	13211000
	13211010
	13211020
	13211100
	13211110
	13211120
	13211200
	13211210
	13211220
	13220000
	13220010
	13220020
	13220100
	13220110
	13220120
	13220200
	13220210
	13220220
	13221000
	13221010
	13221020
	13221100
	13221110
	13221120
	13221200
	13221210
	13221220
	13230000
	13230010
	13230020
	13230100
	13230110
	13230120
	13230200
	13230210
	13230220
	13231000
	13231010
	13231020
	13231100
	13231110
	13231120
	13231200
	13231210
	13231220
	13300000
	13300010
	13300020
	13300100
	13300110
	13300120
	13300200
	13300210
	13300220
	13301000
	13301010
	13301020
	13301100
	13301110
	13301120
	13301200
	13301210
	13301220
	13310000
	13310010
	13310020
	13310100
	13310110
	13310120
	13310200
	13310210
	13310220
	13311000
	13311010
	13311020
	13311100
	13311110
	13311120
	13311200
	13311210
	13311220
	13320000
	13320010
	13320020
	13320100
	13320110
	13320120
	13320200
	13320210
	13320220
	13321000
	13321010
	13321020
	13321100
	13321110
	13321120
	13321200
	13321210
	13321220
	13330000
	13330010
	13330020
	13330100
	13330110
	13330120
	13330200
	13330210
	13330220
	13331000
	13331010
	13331020
	13331100
	13331110
	13331120
	13331200
	13331210
	13331220
	13400000
	13400010
	13400020
	13400100
	13400110
	13400120
	13400200
	13400210
	13400220
	13401000
	13401010
	13401020
	13401100
	13401110
	13401120
	13401200
	13401210
	13401220
	13410000
	13410010
	13410020
	13410100
	13410110
	13410120
	13410200
	13410210
	13410220
	13411000
	13411010
	13411020
	13411100
	13411110
	13411120
	13411200
	13411210
	13411220
	13420000
	13420010
	13420020
	13420100
	13420110
	13420120
	13420200
	13420210
	13420220
	13421000
	13421010
	13421020
	13421100
	13421110
	13421120
	13421200
	13421210
	13421220
	13430000
	13430010
	13430020
	13430100
	13430110
	13430120
	13430200
	13430210
	13430220
	13431000
	13431010
	13431020
	13431100
	13431110
	13431120
	13431200
	13431210
	13431220
	14000000
	14000010
	14000020
	14000100
	14000110
	14000120
	14000200
	14000210
	14000220
	14001000
	14001010
	14001020
	14001100
	14001110
	14001120
	14001200
	14001210
	14001220
	14010000
	14010010
	14010020
	14010100
	14010110
	14010120
	14010200
	14010210
	14010220
	14011000
	14011010
	14011020
	14011100
	14011110
	14011120
	14011200
	14011210
	14011220
	14020000
	14020010
	14020020
	14020100
	14020110
	14020120
	14020200
	14020210
	14020220
	14021000
	14021010
	14021020
	14021100
	14021110
	14021120
	14021200
	14021210
	14021220
	14030000
	14030010
	14030020
	14030100
	14030110
	14030120
	14030200
	14030210
	14030220
	14031000
	14031010
	14031020
	14031100
	14031110
	14031120
	14031200
	14031210
	14031220
	14100000
	14100010
	14100020
	14100100
	14100110
	14100120
	14100200
	14100210
	14100220
	14101000
	14101010
	14101020
	14101100
	14101110
	14101120
	14101200
	14101210
	14101220
	14110000
	14110010
	14110020
	14110100
	14110110
	14110120
	14110200
	14110210
	14110220
	14111000
	14111010
	14111020
	14111100
	14111110
	14111120
	14111200
	14111210
	14111220
	14120000
	14120010
	14120020
	14120100
	14120110
	14120120
	14120200
	14120210
	14120220
	14121000
	14121010
	14121020
	14121100
	14121110
	14121120
	14121200
	14121210
	14121220
	14130000
	14130010
	14130020
	14130100
	14130110
	14130120
	14130200
	14130210
	14130220
	14131000
	14131010
	14131020
	14131100
	14131110
	14131120
	14131200
	14131210
	14131220
	14200000
	14200010
	14200020
	14200100
	14200110
	14200120
	14200200
	14200210
	14200220
	14201000
	14201010
	14201020
	14201100
	14201110
	14201120
	14201200
	14201210
	14201220
	14210000
	14210010
	14210020
	14210100
	14210110
	14210120
	14210200
	14210210
	14210220
	14211000
	14211010
	14211020
	14211100
	14211110
	14211120
	14211200
	14211210
	14211220
	14220000
	14220010
	14220020
	14220100
	14220110
	14220120
	14220200
	14220210
	14220220
	14221000
	14221010
	14221020
	14221100
	14221110
	14221120
	14221200
	14221210
	14221220
	14230000
	14230010
	14230020
	14230100
	14230110
	14230120
	14230200
	14230210
	14230220
	14231000
	14231010
	14231020
	14231100
	14231110
	14231120
	14231200
	14231210
	14231220
	14300000
	14300010
	14300020
	14300100
	14300110
	14300120
	14300200
	14300210
	14300220
	14301000
	14301010
	14301020
	14301100
	14301110
	14301120
	14301200
	14301210
	14301220
	14310000
	14310010
	14310020
	14310100
	14310110
	14310120
	14310200
	14310210
	14310220
	14311000
	14311010
	14311020
	14311100
	14311110
	14311120
	14311200
	14311210
	14311220
	14320000
	14320010
	14320020
	14320100
	14320110
	14320120
	14320200
	14320210
	14320220
	14321000
	14321010
	14321020
	14321100
	14321110
	14321120
	14321200
	14321210
	14321220
	14330000
	14330010
	14330020
	14330100
	14330110
	14330120
	14330200
	14330210
	14330220
	14331000
	14331010
	14331020
	14331100
	14331110
	14331120
	14331200
	14331210
	14331220
	14400000
	14400010
	14400020
	14400100
	14400110
	14400120
	14400200
	14400210
	14400220
	14401000
	14401010
	14401020
	14401100
	14401110
	14401120
	14401200
	14401210
	14401220
	14410000
	14410010
	14410020
	14410100
	14410110
	14410120
	14410200
	14410210
	14410220
	14411000
	14411010
	14411020
	14411100
	14411110
	14411120
	14411200
	14411210
	14411220
	14420000
	14420010
	14420020
	14420100
	14420110
	14420120
	14420200
	14420210
	14420220
	14421000
	14421010
	14421020
	14421100
	14421110
	14421120
	14421200
	14421210
	14421220
	14430000
	14430010
	14430020
	14430100
	14430110
	14430120
	14430200
	14430210
	14430220
	14431000
	14431010
	14431020
	14431100
	14431110
	14431120
	14431200
	14431210
	14431220
	15000000
	15000010
	15000020
	15000100
	15000110
	15000120
	15000200
	15000210
	15000220
	15001000
	15001010
	15001020
	15001100
	15001110
	15001120
	15001200
	15001210
	15001220
	15010000
	15010010
	15010020
	15010100
	15010110
	15010120
	15010200
	15010210
	15010220
	15011000
	15011010
	15011020
	15011100
	15011110
	15011120
	15011200
	15011210
	15011220
	15020000
	15020010
	15020020
	15020100
	15020110
	15020120
	15020200
	15020210
	15020220
	15021000
	15021010
	15021020
	15021100
	15021110
	15021120
	15021200
	15021210
	15021220
	15030000
	15030010
	15030020
	15030100
	15030110
	15030120
	15030200
	15030210
	15030220
	15031000
	15031010
	15031020
	15031100
	15031110
	15031120
	15031200
	15031210
	15031220
	15100000
	15100010
	15100020
	15100100
	15100110
	15100120
	15100200
	15100210
	15100220
	15101000
	15101010
	15101020
	15101100
	15101110
	15101120
	15101200
	15101210
	15101220
	15110000
	15110010
	15110020
	15110100
	15110110
	15110120
	15110200
	15110210
	15110220
	15111000
	15111010
	15111020
	15111100
	15111110
	15111120
	15111200
	15111210
	15111220
	15120000
	15120010
	15120020
	15120100
	15120110
	15120120
	15120200
	15120210
	15120220
	15121000
	15121010
	15121020
	15121100
	15121110
	15121120
	15121200
	15121210
	15121220
	15130000
	15130010
	15130020
	15130100
	15130110
	15130120
	15130200
	15130210
	15130220
	15131000
	15131010
	15131020
	15131100
	15131110
	15131120
	15131200
	15131210
	15131220
	15200000
	15200010
	15200020
	15200100
	15200110
	15200120
	15200200
	15200210
	15200220
	15201000
	15201010
	15201020
	15201100
	15201110
	15201120
	15201200
	15201210
	15201220
	15210000
	15210010
	15210020
	15210100
	15210110
	15210120
	15210200
	15210210
	15210220
	15211000
	15211010
	15211020
	15211100
	15211110
	15211120
	15211200
	15211210
	15211220
	15220000
	15220010
	15220020
	15220100
	15220110
	15220120
	15220200
	15220210
	15220220
	15221000
	15221010
	15221020
	15221100
	15221110
	15221120
	15221200
	15221210
	15221220
	15230000
	15230010
	15230020
	15230100
	15230110
	15230120
	15230200
	15230210
	15230220
	15231000
	15231010
	15231020
	15231100
	15231110
	15231120
	15231200
	15231210
	15231220
	15300000
	15300010
	15300020
	15300100
	15300110
	15300120
	15300200
	15300210
	15300220
	15301000
	15301010
	15301020
	15301100
	15301110
	15301120
	15301200
	15301210
	15301220
	15310000
	15310010
	15310020
	15310100
	15310110
	15310120
	15310200
	15310210
	15310220
	15311000
	15311010
	15311020
	15311100
	15311110
	15311120
	15311200
	15311210
	15311220
	15320000
	15320010
	15320020
	15320100
	15320110
	15320120
	15320200
	15320210
	15320220
	15321000
	15321010
	15321020
	15321100
	15321110
	15321120
	15321200
	15321210
	15321220
	15330000
	15330010
	15330020
	15330100
	15330110
	15330120
	15330200
	15330210
	15330220
	15331000
	15331010
	15331020
	15331100
	15331110
	15331120
	15331200
	15331210
	15331220
	15400000
	15400010
	15400020
	15400100
	15400110
	15400120
	15400200
	15400210
	15400220
	15401000
	15401010
	15401020
	15401100
	15401110
	15401120
	15401200
	15401210
	15401220
	15410000
	15410010
	15410020
	15410100
	15410110
	15410120
	15410200
	15410210
	15410220
	15411000
	15411010
	15411020
	15411100
	15411110
	15411120
	15411200
	15411210
	15411220
	15420000
	15420010
	15420020
	15420100
	15420110
	15420120
	15420200
	15420210
	15420220
	15421000
	15421010
	15421020
	15421100
	15421110
	15421120
	15421200
	15421210
	15421220
	15430000
	15430010
	15430020
	15430100
	15430110
	15430120
	15430200
	15430210
	15430220
	15431000
	15431010
	15431020
	15431100
	15431110
	15431120
	15431200
	15431210
	15431220
	16000000
	16000010
	16000020
	16000100
	16000110
	16000120
	16000200
	16000210
	16000220
	16001000
	16001010
	16001020
	16001100
	16001110
	16001120
	16001200
	16001210
	16001220
	16010000
	16010010
	16010020
	16010100
	16010110
	16010120
	16010200
	16010210
	16010220
	16011000
	16011010
	16011020
	16011100
	16011110
	16011120
	16011200
	16011210
	16011220
	16020000
	16020010
	16020020
	16020100
	16020110
	16020120
	16020200
	16020210
	16020220
	16021000
	16021010
	16021020
	16021100
	16021110
	16021120
	16021200
	16021210
	16021220
	16030000
	16030010
	16030020
	16030100
	16030110
	16030120
	16030200
	16030210
	16030220
	16031000
	16031010
	16031020
	16031100
	16031110
	16031120
	16031200
	16031210
	16031220
	16100000
	16100010
	16100020
	16100100
	16100110
	16100120
	16100200
	16100210
	16100220
	16101000
	16101010
	16101020
	16101100
	16101110
	16101120
	16101200
	16101210
	16101220
	16110000
	16110010
	16110020
	16110100
	16110110
	16110120
	16110200
	16110210
	16110220
	16111000
	16111010
	16111020
	16111100
	16111110
	16111120
	16111200
	16111210
	16111220
	16120000
	16120010
	16120020
	16120100
	16120110
	16120120
	16120200
	16120210
	16120220
	16121000
	16121010
	16121020
	16121100
	16121110
	16121120
	16121200
	16121210
	16121220
	16130000
	16130010
	16130020
	16130100
	16130110
	16130120
	16130200
	16130210
	16130220
	16131000
	16131010
	16131020
	16131100
	16131110
	16131120
	16131200
	16131210
	16131220
	16200000
	16200010
	16200020
	16200100
	16200110
	16200120
	16200200
	16200210
	16200220
	16201000
	16201010
	16201020
	16201100
	16201110
	16201120
	16201200
	16201210
	16201220
	16210000
	16210010
	16210020
	16210100
	16210110
	16210120
	16210200
	16210210
	16210220
	16211000
	16211010
	16211020
	16211100
	16211110
	16211120
	16211200
	16211210
	16211220
	16220000
	16220010
	16220020
	16220100
	16220110
	16220120
	16220200
	16220210
	16220220
	16221000
	16221010
	16221020
	16221100
	16221110
	16221120
	16221200
	16221210
	16221220
	16230000
	16230010
	16230020
	16230100
	16230110
	16230120
	16230200
	16230210
	16230220
	16231000
	16231010
	16231020
	16231100
	16231110
	16231120
	16231200
	16231210
	16231220
	16300000
	16300010
	16300020
	16300100
	16300110
	16300120
	16300200
	16300210
	16300220
	16301000
	16301010
	16301020
	16301100
	16301110
	16301120
	16301200
	16301210
	16301220
	16310000
	16310010
	16310020
	16310100
	16310110
	16310120
	16310200
	16310210
	16310220
	16311000
	16311010
	16311020
	16311100
	16311110
	16311120
	16311200
	16311210
	16311220
	16320000
	16320010
	16320020
	16320100
	16320110
	16320120
	16320200
	16320210
	16320220
	16321000
	16321010
	16321020
	16321100
	16321110
	16321120
	16321200
	16321210
	16321220
	16330000
	16330010
	16330020
	16330100
	16330110
	16330120
	16330200
	16330210
	16330220
	16331000
	16331010
	16331020
	16331100
	16331110
	16331120
	16331200
	16331210
	16331220
	16400000
	16400010
	16400020
	16400100
	16400110
	16400120
	16400200
	16400210
	16400220
	16401000
	16401010
	16401020
	16401100
	16401110
	16401120
	16401200
	16401210
	16401220
	16410000
	16410010
	16410020
	16410100
	16410110
	16410120
	16410200
	16410210
	16410220
	16411000
	16411010
	16411020
	16411100
	16411110
	16411120
	16411200
	16411210
	16411220
	16420000
	16420010
	16420020
	16420100
	16420110
	16420120
	16420200
	16420210
	16420220
	16421000
	16421010
	16421020
	16421100
	16421110
	16421120
	16421200
	16421210
	16421220
	16430000
	16430010
	16430020
	16430100
	16430110
	16430120
	16430200
	16430210
	16430220
	16431000
	16431010
	16431020
	16431100
	16431110
	16431120
	16431200
	16431210
	16431220
	17000000
	17000010
	17000020
	17000100
	17000110
	17000120
	17000200
	17000210
	17000220
	17001000
	17001010
	17001020
	17001100
	17001110
	17001120
	17001200
	17001210
	17001220
	17010000
	17010010
	17010020
	17010100
	17010110
	17010120
	17010200
	17010210
	17010220
	17011000
	17011010
	17011020
	17011100
	17011110
	17011120
	17011200
	17011210
	17011220
	17020000
	17020010
	17020020
	17020100
	17020110
	17020120
	17020200
	17020210
	17020220
	17021000
	17021010
	17021020
	17021100
	17021110
	17021120
	17021200
	17021210
	17021220
	17030000
	17030010
	17030020
	17030100
	17030110
	17030120
	17030200
	17030210
	17030220
	17031000
	17031010
	17031020
	17031100
	17031110
	17031120
	17031200
	17031210
	17031220
	17100000
	17100010
	17100020
	17100100
	17100110
	17100120
	17100200
	17100210
	17100220
	17101000
	17101010
	17101020
	17101100
	17101110
	17101120
	17101200
	17101210
	17101220
	17110000
	17110010
	17110020
	17110100
	17110110
	17110120
	17110200
	17110210
	17110220
	17111000
	17111010
	17111020
	17111100
	17111110
	17111120
	17111200
	17111210
	17111220
	17120000
	17120010
	17120020
	17120100
	17120110
	17120120
	17120200
	17120210
	17120220
	17121000
	17121010
	17121020
	17121100
	17121110
	17121120
	17121200
	17121210
	17121220
	17130000
	17130010
	17130020
	17130100
	17130110
	17130120
	17130200
	17130210
	17130220
	17131000
	17131010
	17131020
	17131100
	17131110
	17131120
	17131200
	17131210
	17131220
	17200000
	17200010
	17200020
	17200100
	17200110
	17200120
	17200200
	17200210
	17200220
	17201000
	17201010
	17201020
	17201100
	17201110
	17201120
	17201200
	17201210
	17201220
	17210000
	17210010
	17210020
	17210100
	17210110
	17210120
	17210200
	17210210
	17210220
	17211000
	17211010
	17211020
	17211100
	17211110
	17211120
	17211200
	17211210
	17211220
	17220000
	17220010
	17220020
	17220100
	17220110
	17220120
	17220200
	17220210
	17220220
	17221000
	17221010
	17221020
	17221100
	17221110
	17221120
	17221200
	17221210
	17221220
	17230000
	17230010
	17230020
	17230100
	17230110
	17230120
	17230200
	17230210
	17230220
	17231000
	17231010
	17231020
	17231100
	17231110
	17231120
	17231200
	17231210
	17231220
	17300000
	17300010
	17300020
	17300100
	17300110
	17300120
	17300200
	17300210
	17300220
	17301000
	17301010
	17301020
	17301100
	17301110
	17301120
	17301200
	17301210
	17301220
	17310000
	17310010
	17310020
	17310100
	17310110
	17310120
	17310200
	17310210
	17310220
	17311000
	17311010
	17311020
	17311100
	17311110
	17311120
	17311200
	17311210
	17311220
	17320000
	17320010
	17320020
	17320100
	17320110
	17320120
	17320200
	17320210
	17320220
	17321000
	17321010
	17321020
	17321100
	17321110
	17321120
	17321200
	17321210
	17321220
	17330000
	17330010
	17330020
	17330100
	17330110
	17330120
	17330200
	17330210
	17330220
	17331000
	17331010
	17331020
	17331100
	17331110
	17331120
	17331200
	17331210
	17331220
	17400000
	17400010
	17400020
	17400100
	17400110
	17400120
	17400200
	17400210
	17400220
	17401000
	17401010
	17401020
	17401100
	17401110
	17401120
	17401200
	17401210
	17401220
	17410000
	17410010
	17410020
	17410100
	17410110
	17410120
	17410200
	17410210
	17410220
	17411000
	17411010
	17411020
	17411100
	17411110
	17411120
	17411200
	17411210
	17411220
	17420000
	17420010
	17420020
	17420100
	17420110
	17420120
	17420200
	17420210
	17420220
	17421000
	17421010
	17421020
	17421100
	17421110
	17421120
	17421200
	17421210
	17421220
	17430000
	17430010
	17430020
	17430100
	17430110
	17430120
	17430200
	17430210
	17430220
	17431000
	17431010
	17431020
	17431100
	17431110
	17431120
	17431200
	17431210
	17431220
	18000000
	18000010
	18000020
	18000100
	18000110
	18000120
	18000200
	18000210
	18000220
	18001000
	18001010
	18001020
	18001100
	18001110
	18001120
	18001200
	18001210
	18001220
	18010000
	18010010
	18010020
	18010100
	18010110
	18010120
	18010200
	18010210
	18010220
	18011000
	18011010
	18011020
	18011100
	18011110
	18011120
	18011200
	18011210
	18011220
	18020000
	18020010
	18020020
	18020100
	18020110
	18020120
	18020200
	18020210
	18020220
	18021000
	18021010
	18021020
	18021100
	18021110
	18021120
	18021200
	18021210
	18021220
	18030000
	18030010
	18030020
	18030100
	18030110
	18030120
	18030200
	18030210
	18030220
	18031000
	18031010
	18031020
	18031100
	18031110
	18031120
	18031200
	18031210
	18031220
	18100000
	18100010
	18100020
	18100100
	18100110
	18100120
	18100200
	18100210
	18100220
	18101000
	18101010
	18101020
	18101100
	18101110
	18101120
	18101200
	18101210
	18101220
	18110000
	18110010
	18110020
	18110100
	18110110
	18110120
	18110200
	18110210
	18110220
	18111000
	18111010
	18111020
	18111100
	18111110
	18111120
	18111200
	18111210
	18111220
	18120000
	18120010
	18120020
	18120100
	18120110
	18120120
	18120200
	18120210
	18120220
	18121000
	18121010
	18121020
	18121100
	18121110
	18121120
	18121200
	18121210
	18121220
	18130000
	18130010
	18130020
	18130100
	18130110
	18130120
	18130200
	18130210
	18130220
	18131000
	18131010
	18131020
	18131100
	18131110
	18131120
	18131200
	18131210
	18131220
	18200000
	18200010
	18200020
	18200100
	18200110
	18200120
	18200200
	18200210
	18200220
	18201000
	18201010
	18201020
	18201100
	18201110
	18201120
	18201200
	18201210
	18201220
	18210000
	18210010
	18210020
	18210100
	18210110
	18210120
	18210200
	18210210
	18210220
	18211000
	18211010
	18211020
	18211100
	18211110
	18211120
	18211200
	18211210
	18211220
	18220000
	18220010
	18220020
	18220100
	18220110
	18220120
	18220200
	18220210
	18220220
	18221000
	18221010
	18221020
	18221100
	18221110
	18221120
	18221200
	18221210
	18221220
	18230000
	18230010
	18230020
	18230100
	18230110
	18230120
	18230200
	18230210
	18230220
	18231000
	18231010
	18231020
	18231100
	18231110
	18231120
	18231200
	18231210
	18231220
	18300000
	18300010
	18300020
	18300100
	18300110
	18300120
	18300200
	18300210
	18300220
	18301000
	18301010
	18301020
	18301100
	18301110
	18301120
	18301200
	18301210
	18301220
	18310000
	18310010
	18310020
	18310100
	18310110
	18310120
	18310200
	18310210
	18310220
	18311000
	18311010
	18311020
	18311100
	18311110
	18311120
	18311200
	18311210
	18311220
	18320000
	18320010
	18320020
	18320100
	18320110
	18320120
	18320200
	18320210
	18320220
	18321000
	18321010
	18321020
	18321100
	18321110
	18321120
	18321200
	18321210
	18321220
	18330000
	18330010
	18330020
	18330100
	18330110
	18330120
	18330200
	18330210
	18330220
	18331000
	18331010
	18331020
	18331100
	18331110
	18331120
	18331200
	18331210
	18331220
	18400000
	18400010
	18400020
	18400100
	18400110
	18400120
	18400200
	18400210
	18400220
	18401000
	18401010
	18401020
	18401100
	18401110
	18401120
	18401200
	18401210
	18401220
	18410000
	18410010
	18410020
	18410100
	18410110
	18410120
	18410200
	18410210
	18410220
	18411000
	18411010
	18411020
	18411100
	18411110
	18411120
	18411200
	18411210
	18411220
	18420000
	18420010
	18420020
	18420100
	18420110
	18420120
	18420200
	18420210
	18420220
	18421000
	18421010
	18421020
	18421100
	18421110
	18421120
	18421200
	18421210
	18421220
	18430000
	18430010
	18430020
	18430100
	18430110
	18430120
	18430200
	18430210
	18430220
	18431000
	18431010
	18431020
	18431100
	18431110
	18431120
	18431200
	18431210
	18431220
	19000000
	19000010
	19000020
	19000100
	19000110
	19000120
	19000200
	19000210
	19000220
	19001000
	19001010
	19001020
	19001100
	19001110
	19001120
	19001200
	19001210
	19001220
	19010000
	19010010
	19010020
	19010100
	19010110
	19010120
	19010200
	19010210
	19010220
	19011000
	19011010
	19011020
	19011100
	19011110
	19011120
	19011200
	19011210
	19011220
	19020000
	19020010
	19020020
	19020100
	19020110
	19020120
	19020200
	19020210
	19020220
	19021000
	19021010
	19021020
	19021100
	19021110
	19021120
	19021200
	19021210
	19021220
	19030000
	19030010
	19030020
	19030100
	19030110
	19030120
	19030200
	19030210
	19030220
	19031000
	19031010
	19031020
	19031100
	19031110
	19031120
	19031200
	19031210
	19031220
	19100000
	19100010
	19100020
	19100100
	19100110
	19100120
	19100200
	19100210
	19100220
	19101000
	19101010
	19101020
	19101100
	19101110
	19101120
	19101200
	19101210
	19101220
	19110000
	19110010
	19110020
	19110100
	19110110
	19110120
	19110200
	19110210
	19110220
	19111000
	19111010
	19111020
	19111100
	19111110
	19111120
	19111200
	19111210
	19111220
	19120000
	19120010
	19120020
	19120100
	19120110
	19120120
	19120200
	19120210
	19120220
	19121000
	19121010
	19121020
	19121100
	19121110
	19121120
	19121200
	19121210
	19121220
	19130000
	19130010
	19130020
	19130100
	19130110
	19130120
	19130200
	19130210
	19130220
	19131000
	19131010
	19131020
	19131100
	19131110
	19131120
	19131200
	19131210
	19131220
	19200000
	19200010
	19200020
	19200100
	19200110
	19200120
	19200200
	19200210
	19200220
	19201000
	19201010
	19201020
	19201100
	19201110
	19201120
	19201200
	19201210
	19201220
	19210000
	19210010
	19210020
	19210100
	19210110
	19210120
	19210200
	19210210
	19210220
	19211000
	19211010
	19211020
	19211100
	19211110
	19211120
	19211200
	19211210
	19211220
	19220000
	19220010
	19220020
	19220100
	19220110
	19220120
	19220200
	19220210
	19220220
	19221000
	19221010
	19221020
	19221100
	19221110
	19221120
	19221200
	19221210
	19221220
	19230000
	19230010
	19230020
	19230100
	19230110
	19230120
	19230200
	19230210
	19230220
	19231000
	19231010
	19231020
	19231100
	19231110
	19231120
	19231200
	19231210
	19231220
	19300000
	19300010
	19300020
	19300100
	19300110
	19300120
	19300200
	19300210
	19300220
	19301000
	19301010
	19301020
	19301100
	19301110
	19301120
	19301200
	19301210
	19301220
	19310000
	19310010
	19310020
	19310100
	19310110
	19310120
	19310200
	19310210
	19310220
	19311000
	19311010
	19311020
	19311100
	19311110
	19311120
	19311200
	19311210
	19311220
	19320000
	19320010
	19320020
	19320100
	19320110
	19320120
	19320200
	19320210
	19320220
	19321000
	19321010
	19321020
	19321100
	19321110
	19321120
	19321200
	19321210
	19321220
	19330000
	19330010
	19330020
	19330100
	19330110
	19330120
	19330200
	19330210
	19330220
	19331000
	19331010
	19331020
	19331100
	19331110
	19331120
	19331200
	19331210
	19331220
	19400000
	19400010
	19400020
	19400100
	19400110
	19400120
	19400200
	19400210
	19400220
	19401000
	19401010
	19401020
	19401100
	19401110
	19401120
	19401200
	19401210
	19401220
	19410000
	19410010
	19410020
	19410100
	19410110
	19410120
	19410200
	19410210
	19410220
	19411000
	19411010
	19411020
	19411100
	19411110
	19411120
	19411200
	19411210
	19411220
	19420000
	19420010
	19420020
	19420100
	19420110
	19420120
	19420200
	19420210
	19420220
	19421000
	19421010
	19421020
	19421100
	19421110
	19421120
	19421200
	19421210
	19421220
	19430000
	19430010
	19430020
	19430100
	19430110
	19430120
	19430200
	19430210
	19430220
	19431000
	19431010
	19431020
	19431100
	19431110
	19431120
	19431200
	19431210
	19431220
	20000000
	20000010
	20000020
	20000100
	20000110
	20000120
	20000200
	20000210
	20000220
	20001000
	20001010
	20001020
	20001100
	20001110
	20001120
	20001200
	20001210
	20001220
	20010000
	20010010
	20010020
	20010100
	20010110
	20010120
	20010200
	20010210
	20010220
	20011000
	20011010
	20011020
	20011100
	20011110
	20011120
	20011200
	20011210
	20011220
	20020000
	20020010
	20020020
	20020100
	20020110
	20020120
	20020200
	20020210
	20020220
	20021000
	20021010
	20021020
	20021100
	20021110
	20021120
	20021200
	20021210
	20021220
	20030000
	20030010
	20030020
	20030100
	20030110
	20030120
	20030200
	20030210
	20030220
	20031000
	20031010
	20031020
	20031100
	20031110
	20031120
	20031200
	20031210
	20031220
	20100000
	20100010
	20100020
	20100100
	20100110
	20100120
	20100200
	20100210
	20100220
	20101000
	20101010
	20101020
	20101100
	20101110
	20101120
	20101200
	20101210
	20101220
	20110000
	20110010
	20110020
	20110100
	20110110
	20110120
	20110200
	20110210
	20110220
	20111000
	20111010
	20111020
	20111100
	20111110
	20111120
	20111200
	20111210
	20111220
	20120000
	20120010
	20120020
	20120100
	20120110
	20120120
	20120200
	20120210
	20120220
	20121000
	20121010
	20121020
	20121100
	20121110
	20121120
	20121200
	20121210
	20121220
	20130000
	20130010
	20130020
	20130100
	20130110
	20130120
	20130200
	20130210
	20130220
	20131000
	20131010
	20131020
	20131100
	20131110
	20131120
	20131200
	20131210
	20131220
	20200000
	20200010
	20200020
	20200100
	20200110
	20200120
	20200200
	20200210
	20200220
	20201000
	20201010
	20201020
	20201100
	20201110
	20201120
	20201200
	20201210
	20201220
	20210000
	20210010
	20210020
	20210100
	20210110
	20210120
	20210200
	20210210
	20210220
	20211000
	20211010
	20211020
	20211100
	20211110
	20211120
	20211200
	20211210
	20211220
	20220000
	20220010
	20220020
	20220100
	20220110
	20220120
	20220200
	20220210
	20220220
	20221000
	20221010
	20221020
	20221100
	20221110
	20221120
	20221200
	20221210
	20221220
	20230000
	20230010
	20230020
	20230100
	20230110
	20230120
	20230200
	20230210
	20230220
	20231000
	20231010
	20231020
	20231100
	20231110
	20231120
	20231200
	20231210
	20231220
	20300000
	20300010
	20300020
	20300100
	20300110
	20300120
	20300200
	20300210
	20300220
	20301000
	20301010
	20301020
	20301100
	20301110
	20301120
	20301200
	20301210
	20301220
	20310000
	20310010
	20310020
	20310100
	20310110
	20310120
	20310200
	20310210
	20310220
	20311000
	20311010
	20311020
	20311100
	20311110
	20311120
	20311200
	20311210
	20311220
	20320000
	20320010
	20320020
	20320100
	20320110
	20320120
	20320200
	20320210
	20320220
	20321000
	20321010
	20321020
	20321100
	20321110
	20321120
	20321200
	20321210
	20321220
	20330000
	20330010
	20330020
	20330100
	20330110
	20330120
	20330200
	20330210
	20330220
	20331000
	20331010
	20331020
	20331100
	20331110
	20331120
	20331200
	20331210
	20331220
	20400000
	20400010
	20400020
	20400100
	20400110
	20400120
	20400200
	20400210
	20400220
	20401000
	20401010
	20401020
	20401100
	20401110
	20401120
	20401200
	20401210
	20401220
	20410000
	20410010
	20410020
	20410100
	20410110
	20410120
	20410200
	20410210
	20410220
	20411000
	20411010
	20411020
	20411100
	20411110
	20411120
	20411200
	20411210
	20411220
	20420000
	20420010
	20420020
	20420100
	20420110
	20420120
	20420200
	20420210
	20420220
	20421000
	20421010
	20421020
	20421100
	20421110
	20421120
	20421200
	20421210
	20421220
	20430000
	20430010
	20430020
	20430100
	20430110
	20430120
	20430200
	20430210
	20430220
	20431000
	20431010
	20431020
	20431100
	20431110
	20431120
	20431200
	20431210
	20431220
	21000000
	21000010
	21000020
	21000100
	21000110
	21000120
	21000200
	21000210
	21000220
	21001000
	21001010
	21001020
	21001100
	21001110
	21001120
	21001200
	21001210
	21001220
	21010000
	21010010
	21010020
	21010100
	21010110
	21010120
	21010200
	21010210
	21010220
	21011000
	21011010
	21011020
	21011100
	21011110
	21011120
	21011200
	21011210
	21011220
	21020000
	21020010
	21020020
	21020100
	21020110
	21020120
	21020200
	21020210
	21020220
	21021000
	21021010
	21021020
	21021100
	21021110
	21021120
	21021200
	21021210
	21021220
	21030000
	21030010
	21030020
	21030100
	21030110
	21030120
	21030200
	21030210
	21030220
	21031000
	21031010
	21031020
	21031100
	21031110
	21031120
	21031200
	21031210
	21031220
	21100000
	21100010
	21100020
	21100100
	21100110
	21100120
	21100200
	21100210
	21100220
	21101000
	21101010
	21101020
	21101100
	21101110
	21101120
	21101200
	21101210
	21101220
	21110000
	21110010
	21110020
	21110100
	21110110
	21110120
	21110200
	21110210
	21110220
	21111000
	21111010
	21111020
	21111100
	21111110
	21111120
	21111200
	21111210
	21111220
	21120000
	21120010
	21120020
	21120100
	21120110
	21120120
	21120200
	21120210
	21120220
	21121000
	21121010
	21121020
	21121100
	21121110
	21121120
	21121200
	21121210
	21121220
	21130000
	21130010
	21130020
	21130100
	21130110
	21130120
	21130200
	21130210
	21130220
	21131000
	21131010
	21131020
	21131100
	21131110
	21131120
	21131200
	21131210
	21131220
	21200000
	21200010
	21200020
	21200100
	21200110
	21200120
	21200200
	21200210
	21200220
	21201000
	21201010
	21201020
	21201100
	21201110
	21201120
	21201200
	21201210
	21201220
	21210000
	21210010
	21210020
	21210100
	21210110
	21210120
	21210200
	21210210
	21210220
	21211000
	21211010
	21211020
	21211100
	21211110
	21211120
	21211200
	21211210
	21211220
	21220000
	21220010
	21220020
	21220100
	21220110
	21220120
	21220200
	21220210
	21220220
	21221000
	21221010
	21221020
	21221100
	21221110
	21221120
	21221200
	21221210
	21221220
	21230000
	21230010
	21230020
	21230100
	21230110
	21230120
	21230200
	21230210
	21230220
	21231000
	21231010
	21231020
	21231100
	21231110
	21231120
	21231200
	21231210
	21231220
	21300000
	21300010
	21300020
	21300100
	21300110
	21300120
	21300200
	21300210
	21300220
	21301000
	21301010
	21301020
	21301100
	21301110
	21301120
	21301200
	21301210
	21301220
	21310000
	21310010
	21310020
	21310100
	21310110
	21310120
	21310200
	21310210
	21310220
	21311000
	21311010
	21311020
	21311100
	21311110
	21311120
	21311200
	21311210
	21311220
	21320000
	21320010
	21320020
	21320100
	21320110
	21320120
	21320200
	21320210
	21320220
	21321000
	21321010
	21321020
	21321100
	21321110
	21321120
	21321200
	21321210
	21321220
	21330000
	21330010
	21330020
	21330100
	21330110
	21330120
	21330200
	21330210
	21330220
	21331000
	21331010
	21331020
	21331100
	21331110
	21331120
	21331200
	21331210
	21331220
	21400000
	21400010
	21400020
	21400100
	21400110
	21400120
	21400200
	21400210
	21400220
	21401000
	21401010
	21401020
	21401100
	21401110
	21401120
	21401200
	21401210
	21401220
	21410000
	21410010
	21410020
	21410100
	21410110
	21410120
	21410200
	21410210
	21410220
	21411000
	21411010
	21411020
	21411100
	21411110
	21411120
	21411200
	21411210
	21411220
	21420000
	21420010
	21420020
	21420100
	21420110
	21420120
	21420200
	21420210
	21420220
	21421000
	21421010
	21421020
	21421100
	21421110
	21421120
	21421200
	21421210
	21421220
	21430000
	21430010
	21430020
	21430100
	21430110
	21430120
	21430200
	21430210
	21430220
	21431000
	21431010
	21431020
	21431100
	21431110
	21431120
	21431200
	21431210
	21431220
	22000000
	22000010
	22000020
	22000100
	22000110
	22000120
	22000200
	22000210
	22000220
	22001000
	22001010
	22001020
	22001100
	22001110
	22001120
	22001200
	22001210
	22001220
	22010000
	22010010
	22010020
	22010100
	22010110
	22010120
	22010200
	22010210
	22010220
	22011000
	22011010
	22011020
	22011100
	22011110
	22011120
	22011200
	22011210
	22011220
	22020000
	22020010
	22020020
	22020100
	22020110
	22020120
	22020200
	22020210
	22020220
	22021000
	22021010
	22021020
	22021100
	22021110
	22021120
	22021200
	22021210
	22021220
	22030000
	22030010
	22030020
	22030100
	22030110
	22030120
	22030200
	22030210
	22030220
	22031000
	22031010
	22031020
	22031100
	22031110
	22031120
	22031200
	22031210
	22031220
	22100000
	22100010
	22100020
	22100100
	22100110
	22100120
	22100200
	22100210
	22100220
	22101000
	22101010
	22101020
	22101100
	22101110
	22101120
	22101200
	22101210
	22101220
	22110000
	22110010
	22110020
	22110100
	22110110
	22110120
	22110200
	22110210
	22110220
	22111000
	22111010
	22111020
	22111100
	22111110
	22111120
	22111200
	22111210
	22111220
	22120000
	22120010
	22120020
	22120100
	22120110
	22120120
	22120200
	22120210
	22120220
	22121000
	22121010
	22121020
	22121100
	22121110
	22121120
	22121200
	22121210
	22121220
	22130000
	22130010
	22130020
	22130100
	22130110
	22130120
	22130200
	22130210
	22130220
	22131000
	22131010
	22131020
	22131100
	22131110
	22131120
	22131200
	22131210
	22131220
	22200000
	22200010
	22200020
	22200100
	22200110
	22200120
	22200200
	22200210
	22200220
	22201000
	22201010
	22201020
	22201100
	22201110
	22201120
	22201200
	22201210
	22201220
	22210000
	22210010
	22210020
	22210100
	22210110
	22210120
	22210200
	22210210
	22210220
	22211000
	22211010
	22211020
	22211100
	22211110
	22211120
	22211200
	22211210
	22211220
	22220000
	22220010
	22220020
	22220100
	22220110
	22220120
	22220200
	22220210
	22220220
	22221000
	22221010
	22221020
	22221100
	22221110
	22221120
	22221200
	22221210
	22221220
	22230000
	22230010
	22230020
	22230100
	22230110
	22230120
	22230200
	22230210
	22230220
	22231000
	22231010
	22231020
	22231100
	22231110
	22231120
	22231200
	22231210
	22231220
	22300000
	22300010
	22300020
	22300100
	22300110
	22300120
	22300200
	22300210
	22300220
	22301000
	22301010
	22301020
	22301100
	22301110
	22301120
	22301200
	22301210
	22301220
	22310000
	22310010
	22310020
	22310100
	22310110
	22310120
	22310200
	22310210
	22310220
	22311000
	22311010
	22311020
	22311100
	22311110
	22311120
	22311200
	22311210
	22311220
	22320000
	22320010
	22320020
	22320100
	22320110
	22320120
	22320200
	22320210
	22320220
	22321000
	22321010
	22321020
	22321100
	22321110
	22321120
	22321200
	22321210
	22321220
	22330000
	22330010
	22330020
	22330100
	22330110
	22330120
	22330200
	22330210
	22330220
	22331000
	22331010
	22331020
	22331100
	22331110
	22331120
	22331200
	22331210
	22331220
	22400000
	22400010
	22400020
	22400100
	22400110
	22400120
	22400200
	22400210
	22400220
	22401000
	22401010
	22401020
	22401100
	22401110
	22401120
	22401200
	22401210
	22401220
	22410000
	22410010
	22410020
	22410100
	22410110
	22410120
	22410200
	22410210
	22410220
	22411000
	22411010
	22411020
	22411100
	22411110
	22411120
	22411200
	22411210
	22411220
	22420000
	22420010
	22420020
	22420100
	22420110
	22420120
	22420200
	22420210
	22420220
	22421000
	22421010
	22421020
	22421100
	22421110
	22421120
	22421200
	22421210
	22421220
	22430000
	22430010
	22430020
	22430100
	22430110
	22430120
	22430200
	22430210
	22430220
	22431000
	22431010
	22431020
	22431100
	22431110
	22431120
	22431200
	22431210
	22431220
	23000000
	23000010
	23000020
	23000100
	23000110
	23000120
	23000200
	23000210
	23000220
	23001000
	23001010
	23001020
	23001100
	23001110
	23001120
	23001200
	23001210
	23001220
	23010000
	23010010
	23010020
	23010100
	23010110
	23010120
	23010200
	23010210
	23010220
	23011000
	23011010
	23011020
	23011100
	23011110
	23011120
	23011200
	23011210
	23011220
	23020000
	23020010
	23020020
	23020100
	23020110
	23020120
	23020200
	23020210
	23020220
	23021000
	23021010
	23021020
	23021100
	23021110
	23021120
	23021200
	23021210
	23021220
	23030000
	23030010
	23030020
	23030100
	23030110
	23030120
	23030200
	23030210
	23030220
	23031000
	23031010
	23031020
	23031100
	23031110
	23031120
	23031200
	23031210
	23031220
	23100000
	23100010
	23100020
	23100100
	23100110
	23100120
	23100200
	23100210
	23100220
	23101000
	23101010
	23101020
	23101100
	23101110
	23101120
	23101200
	23101210
	23101220
	23110000
	23110010
	23110020
	23110100
	23110110
	23110120
	23110200
	23110210
	23110220
	23111000
	23111010
	23111020
	23111100
	23111110
	23111120
	23111200
	23111210
	23111220
	23120000
	23120010
	23120020
	23120100
	23120110
	23120120
	23120200
	23120210
	23120220
	23121000
	23121010
	23121020
	23121100
	23121110
	23121120
	23121200
	23121210
	23121220
	23130000
	23130010
	23130020
	23130100
	23130110
	23130120
	23130200
	23130210
	23130220
	23131000
	23131010
	23131020
	23131100
	23131110
	23131120
	23131200
	23131210
	23131220
	23200000
	23200010
	23200020
	23200100
	23200110
	23200120
	23200200
	23200210
	23200220
	23201000
	23201010
	23201020
	23201100
	23201110
	23201120
	23201200
	23201210
	23201220
	23210000
	23210010
	23210020
	23210100
	23210110
	23210120
	23210200
	23210210
	23210220
	23211000
	23211010
	23211020
	23211100
	23211110
	23211120
	23211200
	23211210
	23211220
	23220000
	23220010
	23220020
	23220100
	23220110
	23220120
	23220200
	23220210
	23220220
	23221000
	23221010
	23221020
	23221100
	23221110
	23221120
	23221200
	23221210
	23221220
	23230000
	23230010
	23230020
	23230100
	23230110
	23230120
	23230200
	23230210
	23230220
	23231000
	23231010
	23231020
	23231100
	23231110
	23231120
	23231200
	23231210
	23231220
	23300000
	23300010
	23300020
	23300100
	23300110
	23300120
	23300200
	23300210
	23300220
	23301000
	23301010
	23301020
	23301100
	23301110
	23301120
	23301200
	23301210
	23301220
	23310000
	23310010
	23310020
	23310100
	23310110
	23310120
	23310200
	23310210
	23310220
	23311000
	23311010
	23311020
	23311100
	23311110
	23311120
	23311200
	23311210
	23311220
	23320000
	23320010
	23320020
	23320100
	23320110
	23320120
	23320200
	23320210
	23320220
	23321000
	23321010
	23321020
	23321100
	23321110
	23321120
	23321200
	23321210
	23321220
	23330000
	23330010
	23330020
	23330100
	23330110
	23330120
	23330200
	23330210
	23330220
	23331000
	23331010
	23331020
	23331100
	23331110
	23331120
	23331200
	23331210
	23331220
	23400000
	23400010
	23400020
	23400100
	23400110
	23400120
	23400200
	23400210
	23400220
	23401000
	23401010
	23401020
	23401100
	23401110
	23401120
	23401200
	23401210
	23401220
	23410000
	23410010
	23410020
	23410100
	23410110
	23410120
	23410200
	23410210
	23410220
	23411000
	23411010
	23411020
	23411100
	23411110
	23411120
	23411200
	23411210
	23411220
	23420000
	23420010
	23420020
	23420100
	23420110
	23420120
	23420200
	23420210
	23420220
	23421000
	23421010
	23421020
	23421100
	23421110
	23421120
	23421200
	23421210
	23421220
	23430000
	23430010
	23430020
	23430100
	23430110
	23430120
	23430200
	23430210
	23430220
	23431000
	23431010
	23431020
	23431100
	23431110
	23431120
	23431200
	23431210
	23431220
